  0.100000000000E-02     16.8047935056    
  0.110808080808E-01     16.7222450603    
  0.211616161616E-01     16.6402502422    
  0.312424242424E-01     16.5588090513    
  0.413232323232E-01     16.4779214876    
  0.514040404040E-01     16.3975875512    
  0.614848484848E-01     16.3178072419    
  0.715656565657E-01     16.2385805598    
  0.816464646465E-01     16.1599075049    
  0.917272727273E-01     16.0817880773    
  0.101808080808         16.0042222768    
  0.111888888889         15.9272101035    
  0.121969696970         15.8507515574    
  0.132050505051         15.7748466385    
  0.142131313131         15.6994953469    
  0.152212121212         15.6246976824    
  0.162292929293         15.5504536451    
  0.172373737374         15.4767632350    
  0.182454545455         15.4036264522    
  0.192535353535         15.3310432965    
  0.202616161616         15.2590137680    
  0.212696969697         15.1875378667    
  0.222777777778         15.1166155926    
  0.232858585859         15.0462469458    
  0.242939393939         14.9764319261    
  0.253020202020         14.9071705336    
  0.263101010101         14.8384627683    
  0.273181818182         14.7703086302    
  0.283262626263         14.7027081194    
  0.293343434343         14.6356612357    
  0.303424242424         14.5691679792    
  0.313505050505         14.5032283499    
  0.323585858586         14.4378423478    
  0.333666666667         14.3730099730    
  0.343747474747         14.3087312253    
  0.353828282828         14.2450061048    
  0.363909090909         14.1818346115    
  0.373989898990         14.1192167454    
  0.384070707071         14.0571525066    
  0.394151515152         13.9956418949    
  0.404232323232         13.9346849104    
  0.414313131313         13.8742815531    
  0.424393939394         13.8144318230    
  0.434474747475         13.7551357201    
  0.444555555556         13.6963932445    
  0.454636363636         13.6382043960    
  0.464717171717         13.5805691747    
  0.474797979798         13.5234875806    
  0.484878787879         13.4669596137    
  0.494959595960         13.4109852740    
  0.505040404040         13.3555645616    
  0.515121212121         13.3006974763    
  0.525202020202         13.2463840182    
  0.535282828283         13.1926241873    
  0.545363636364         13.1394179836    
  0.555444444444         13.0867654071    
  0.565525252525         13.0346664579    
  0.575606060606         12.9831211358    
  0.585686868687         12.9321294409    
  0.595767676768         12.8816913732    
  0.605848484848         12.8318069327    
  0.615929292929         12.7824761194    
  0.626010101010         12.7336989334    
  0.636090909091         12.6854753745    
  0.646171717172         12.6378054428    
  0.656252525253         12.5906891383    
  0.666333333333         12.5441264610    
  0.676414141414         12.4981174109    
  0.686494949495         12.4526619880    
  0.696575757576         12.4077601924    
  0.706656565657         12.3634120239    
  0.716737373737         12.3196174826    
  0.726818181818         12.2763765685    
  0.736898989899         12.2336892816    
  0.746979797980         12.1915556219    
  0.757060606061         12.1499755894    
  0.767141414141         12.1089491842    
  0.777222222222         12.0684764061    
  0.787303030303         12.0285572552    
  0.797383838384         11.9891917315    
  0.807464646465         11.9503798350    
  0.817545454545         11.9121215657    
  0.827626262626         11.8744169236    
  0.837707070707         11.8372659087    
  0.847787878788         11.8006685211    
  0.857868686869         11.7646247606    
  0.867949494949         11.7291346273    
  0.878030303030         11.6941981212    
  0.888111111111         11.6598152423    
  0.898191919192         11.6259859906    
  0.908272727273         11.5927103661    
  0.918353535354         11.5599883688    
  0.928434343434         11.5278199988    
  0.938515151515         11.4962052559    
  0.948595959596         11.4651441402    
  0.958676767677         11.4346366517    
  0.968757575758         11.4046827904    
  0.978838383838         11.3752825563    
  0.988919191919         11.3464359494    
  0.999000000000         11.3181429697    
