  0.100000000000E-02     78.9448437637    
  0.110808080808E-01     54.7205759851    
  0.211616161616E-01     48.0662858846    
  0.312424242424E-01     43.9195957943    
  0.413232323232E-01     40.9056028904    
  0.514040404040E-01     38.5338090497    
  0.614848484848E-01     36.5267558490    
  0.715656565657E-01     34.8048062784    
  0.816464646465E-01     33.3087526213    
  0.917272727273E-01     31.9540164017    
  0.101808080808         30.7281501540    
  0.111888888889         29.6036425363    
  0.121969696970         28.5755086451    
  0.132050505051         27.6159029000    
  0.142131313131         26.7338045513    
  0.152212121212         25.8933391723    
  0.162292929293         25.0979809180    
  0.172373737374         24.3539297853    
  0.182454545455         23.6347516954    
  0.192535353535         22.9508121247    
  0.202616161616         22.3074693457    
  0.212696969697         21.6974810937    
  0.222777777778         21.1048291355    
  0.232858585859         20.5053199411    
  0.242939393939         19.9669223241    
  0.253020202020         19.4454829809    
  0.263101010101         18.9338144648    
  0.273181818182         18.4434203238    
  0.283262626263         17.9685612324    
  0.293343434343         17.5089528412    
  0.303424242424         17.0642523607    
  0.313505050505         16.6326188948    
  0.323585858586         16.2076467735    
  0.333666666667         15.8020263219    
  0.343747474747         15.4039360987    
  0.353828282828         15.0191132178    
  0.363909090909         14.6470034276    
  0.373989898990         14.2810595230    
  0.384070707071         13.9260283269    
  0.394151515152         13.5797213527    
  0.404232323232         13.2405247307    
  0.414313131313         12.9100409408    
  0.424393939394         12.5826687110    
  0.434474747475         12.2674340630    
  0.444555555556         11.9589993592    
  0.454636363636         11.6543903581    
  0.464717171717         11.3552215160    
  0.474797979798         11.0620057941    
  0.484878787879         10.7742038557    
  0.494959595960         10.4938364657    
  0.505040404040         10.2201840655    
  0.515121212121         9.95376097864    
  0.525202020202         9.68982368015    
  0.535282828283         9.42823281152    
  0.545363636364         9.17201774995    
  0.555444444444         8.92153781595    
  0.565525252525         8.67488741401    
  0.575606060606         8.42959629876    
  0.585686868687         8.19006819614    
  0.595767676768         7.95410379208    
  0.605848484848         7.72236887261    
  0.615929292929         7.49603634922    
  0.626010101010         7.27101352108    
  0.636090909091         7.04896202091    
  0.646171717172         6.83050731084    
  0.656252525253         6.61619396025    
  0.666333333333         6.40221983903    
  0.676414141414         6.19427874839    
  0.686494949495         5.98840011707    
  0.696575757576         5.78397667524    
  0.706656565657         5.58251863444    
  0.716737373737         5.38584184765    
  0.726818181818         5.18996823967    
  0.736898989899         4.99665839806    
  0.746979797980         4.80464215500    
  0.757060606061         4.61545811830    
  0.767141414141         4.42893078372    
  0.777222222222         4.24629124118    
  0.787303030303         4.06463740045    
  0.797383838384         3.88388020244    
  0.807464646465         3.70738992155    
  0.817545454545         3.53031656876    
  0.827626262626         3.35484720459    
  0.837707070707         3.18083245557    
  0.847787878788         3.00805332275    
  0.857868686869         2.83778755357    
  0.867949494949         2.66924077294    
  0.878030303030         2.49970168125    
  0.888111111111         2.33159134680    
  0.898191919192         2.16565318645    
  0.908272727273         1.99829041155    
  0.918353535354         1.83346203658    
  0.928434343434         1.66675117086    
  0.938515151515         1.49836016192    
  0.948595959596         1.32656847744    
  0.958676767677         1.14982721172    
  0.968757575758        0.965936353311    
  0.978838383838        0.766360954729    
  0.988919191919        0.533975146705    
  0.999000000000        0.153836936181    
