  0.100000000000E-02     24.9871872378    
  0.110808080808E-01     24.8113044753    
  0.211616161616E-01     24.5850587352    
  0.312424242424E-01     24.3167297379    
  0.413232323232E-01     24.0153422561    
  0.514040404040E-01     23.6868695283    
  0.614848484848E-01     23.3415456886    
  0.715656565657E-01     22.9373191095    
  0.816464646465E-01     22.5750672634    
  0.917272727273E-01     22.2050930912    
  0.101808080808         21.8310055128    
  0.111888888889         21.4600421826    
  0.121969696970         21.0880727450    
  0.132050505051         20.7129595824    
  0.142131313131         20.3356068048    
  0.152212121212         19.9696582045    
  0.162292929293         19.5971598314    
  0.172373737374         19.2348360082    
  0.182454545455         18.8745387454    
  0.192535353535         18.5117071768    
  0.202616161616         18.1589023605    
  0.212696969697         17.8035722307    
  0.222777777778         17.4576629739    
  0.232858585859         17.1131716578    
  0.242939393939         16.7646778549    
  0.253020202020         16.4203923450    
  0.263101010101         16.0827576031    
  0.273181818182         15.7557035587    
  0.283262626263         15.4310855594    
  0.293343434343         15.1105045559    
  0.303424242424         14.7983655209    
  0.313505050505         14.4921187432    
  0.323585858586         14.1933699512    
  0.333666666667         13.8981573931    
  0.343747474747         13.6035544613    
  0.353828282828         13.3111776208    
  0.363909090909         13.0249367677    
  0.373989898990         12.7464677710    
  0.384070707071         12.4679260567    
  0.394151515152         12.1943115078    
  0.404232323232         11.9261003470    
  0.414313131313         11.6612161339    
  0.424393939394         11.3981062581    
  0.434474747475         11.1404376046    
  0.444555555556         10.8848180640    
  0.454636363636         10.6345674256    
  0.464717171717         10.3884872571    
  0.474797979798         10.1465419195    
  0.484878787879         9.90887860987    
  0.494959595960         9.67411384405    
  0.505040404040         9.44033627949    
  0.515121212121         9.21060239798    
  0.525202020202         8.98307392113    
  0.535282828283         8.76002000473    
  0.545363636364         8.53872855979    
  0.555444444444         8.31798647636    
  0.565525252525         8.10114127373    
  0.575606060606         7.88639560179    
  0.585686868687         7.67595289029    
  0.595767676768         7.46924933952    
  0.605848484848         7.26307057667    
  0.615929292929         7.05866004112    
  0.626010101010         6.85805124486    
  0.636090909091         6.66012480724    
  0.646171717172         6.46356757694    
  0.656252525253         6.26785940691    
  0.666333333333         6.07503250916    
  0.676414141414         5.88555757877    
  0.686494949495         5.69665161180    
  0.696575757576         5.50993874848    
  0.706656565657         5.32639410306    
  0.716737373737         5.14362492590    
  0.726818181818         4.96288150612    
  0.736898989899         4.78244009839    
  0.746979797980         4.60493801200    
  0.757060606061         4.42839320819    
  0.767141414141         4.25566386662    
  0.777222222222         4.08536471079    
  0.787303030303         3.91311362802    
  0.797383838384         3.74520514459    
  0.807464646465         3.57769619796    
  0.817545454545         3.40925134098    
  0.827626262626         3.24365710358    
  0.837707070707         3.07850171649    
  0.847787878788         2.91446581583    
  0.857868686869         2.75244542036    
  0.867949494949         2.59030394644    
  0.878030303030         2.42885888759    
  0.888111111111         2.26750436200    
  0.898191919192         2.10814371566    
  0.908272727273         1.94677830689    
  0.918353535354         1.78811728329    
  0.928434343434         1.62634635009    
  0.938515151515         1.46372274146    
  0.948595959596         1.29681177414    
  0.958676767677         1.12500706192    
  0.968757575758        0.945879241190    
  0.978838383838        0.751062085262    
  0.988919191919        0.523824978867    
  0.999000000000        0.151043939564    
