  0.100000000000E-02     53.6599933960    
  0.110808080808E-01     37.7224515758    
  0.211616161616E-01     33.3184346263    
  0.312424242424E-01     30.6142754776    
  0.413232323232E-01     28.6403985224    
  0.514040404040E-01     27.0764312670    
  0.614848484848E-01     25.7759962739    
  0.715656565657E-01     24.6597463437    
  0.816464646465E-01     23.6797652770    
  0.917272727273E-01     22.8048635459    
  0.101808080808         22.0135837713    
  0.111888888889         21.2905211181    
  0.121969696970         20.6242349315    
  0.132050505051         20.0059908723    
  0.142131313131         19.4289660749    
  0.152212121212         18.8877266381    
  0.162292929293         18.3778725547    
  0.172373737374         17.8957895059    
  0.182454545455         17.4384710767    
  0.192535353535         17.0033886767    
  0.202616161616         16.5883945701    
  0.212696969697         16.1916483788    
  0.222777777778         15.8115605470    
  0.232858585859         15.4467482697    
  0.242939393939         15.0960007233    
  0.253020202020         14.7582513324    
  0.263101010101         14.4325554298    
  0.273181818182         14.1180720943    
  0.283262626263         13.8140492617    
  0.293343434343         13.5198114246    
  0.303424242424         13.2347493969    
  0.313505050505         12.9583117411    
  0.323585858586         12.6899975423    
  0.333666666667         12.4293502834    
  0.343747474747         12.1759526250    
  0.353828282828         11.9294219334    
  0.363909090909         11.6894064323    
  0.373989898990         11.4555818755    
  0.384070707071         11.2276486584    
  0.394151515152         11.0053292999    
  0.404232323232         10.7883662399    
  0.414313131313         10.5765199048    
  0.424393939394         10.3695670031    
  0.434474747475         10.1672990197    
  0.444555555556         9.96952087987    
  0.454636363636         9.77604976210    
  0.464717171717         9.58671403920    
  0.474797979798         9.40135233170    
  0.484878787879         9.21981265934    
  0.494959595960         9.04195167870    
  0.505040404040         8.86763399658    
  0.515121212121         8.69673155027    
  0.525202020202         8.52912304689    
  0.535282828283         8.36469345517    
  0.545363636364         8.20333354392    
  0.555444444444         8.04493946189    
  0.565525252525         7.88941235479    
  0.575606060606         7.73665801548    
  0.585686868687         7.58658656386    
  0.595767676768         7.43911215352    
  0.605848484848         7.29415270240    
  0.615929292929         7.15162964513    
  0.626010101010         7.01146770501    
  0.636090909091         6.87359468363    
  0.646171717172         6.73794126657    
  0.656252525253         6.60444084373    
  0.666333333333         6.47302934275    
  0.676414141414         6.34364507470    
  0.686494949495         6.21622859052    
  0.696575757576         6.09072254768    
  0.706656565657         5.96707158589    
  0.716737373737         5.84522221124    
  0.726818181818         5.72512268796    
  0.736898989899         5.60672293729    
  0.746979797980         5.48997444279    
  0.757060606061         5.37483016150    
  0.767141414141         5.26124444069    
  0.777222222222         5.14917293952    
  0.787303030303         5.03857255541    
  0.797383838384         4.92940135456    
  0.807464646465         4.82161850653    
  0.817545454545         4.71518422234    
  0.827626262626         4.61005969594    
  0.837707070707         4.50620704884    
  0.847787878788         4.40358927745    
  0.857868686869         4.30217020320    
  0.867949494949         4.20191442496    
  0.878030303030         4.10278727383    
  0.888111111111         4.00475476991    
  0.898191919192         3.90778358098    
  0.908272727273         3.81184098302    
  0.918353535354         3.71689482227    
  0.928434343434         3.62291347878    
  0.938515151515         3.52986583142    
  0.948595959596         3.43772122401    
  0.958676767677         3.34644943269    
  0.968757575758         3.25602063430    
  0.978838383838         3.16640537565    
  0.988919191919         3.07757454375    
  0.999000000000         2.98949933669    
