  0.100000000000E-02    0.990598996946E-01
  0.535263157895E-01     5.54304459319    
  0.106052631579         11.4415553855    
  0.158578947368         17.8091667318    
  0.211105263158         24.5358153135    
  0.263631578947         31.5969723236    
  0.316157894737         38.9469374977    
  0.368684210526         46.4328139512    
  0.421210526316         53.8528637283    
  0.473736842105         60.8341327663    
  0.526263157895         68.0065961801    
  0.578789473684         74.3666700863    
  0.631315789474         80.3930920703    
  0.683842105263         85.4379230180    
  0.736368421053         90.0103229080    
  0.788894736842         93.4078175379    
  0.841421052632         96.3203858561    
  0.893947368421         98.2430200338    
  0.946473684211         99.4613884699    
  0.999000000000         99.9684395142    
