  0.100000000000E-02    0.782148904387E-01
  0.535263157895E-01     5.55009379254    
  0.106052631579         11.4713216162    
  0.158578947368         17.7720148694    
  0.211105263158         24.2814452913    
  0.263631578947         32.4552105824    
  0.316157894737         39.1698704458    
  0.368684210526         46.6632932157    
  0.421210526316         54.6503347768    
  0.473736842105         61.8447964037    
  0.526263157895         68.8529290007    
  0.578789473684         75.0775021619    
  0.631315789474         80.2309264934    
  0.683842105263         85.5255652755    
  0.736368421053         89.7955706615    
  0.788894736842         93.3607561894    
  0.841421052632         96.3636675443    
  0.893947368421         98.2830437033    
  0.946473684211         99.4604500774    
  0.999000000000         99.9684146258    
