  0.100000000000E-02    0.889862752480E+13
  0.110808080808E-01     582246204735.    
  0.211616161616E-01     272608510837.    
  0.312424242424E-01     170671576011.    
  0.413232323232E-01     121404421926.    
  0.514040404040E-01     92658861747.1    
  0.614848484848E-01     73936838552.7    
  0.715656565657E-01     60946588080.7    
  0.816464646465E-01     51383471327.1    
  0.917272727273E-01     44081973507.6    
  0.101808080808         38376080684.1    
  0.111888888889         33800110717.4    
  0.121969696970         30057365665.6    
  0.132050505051         26947029689.9    
  0.142131313131         24324757834.5    
  0.152212121212         22084956877.8    
  0.162292929293         20150846252.3    
  0.172373737374         18477044236.2    
  0.182454545455         17009860328.0    
  0.192535353535         15711308186.3    
  0.202616161616         14568561306.9    
  0.212696969697         13546186573.0    
  0.222777777778         12621478722.1    
  0.232858585859         11794936618.5    
  0.242939393939         11046494539.0    
  0.253020202020         10360214150.5    
  0.263101010101         9741465600.53    
  0.273181818182         9172804696.15    
  0.283262626263         8649454435.24    
  0.293343434343         8169863406.25    
  0.303424242424         7725986312.39    
  0.313505050505         7318655014.80    
  0.323585858586         6938565881.70    
  0.333666666667         6584474927.48    
  0.343747474747         6257457344.12    
  0.353828282828         5949911836.74    
  0.363909090909         5663108104.74    
  0.373989898990         5396813094.78    
  0.384070707071         5146668725.93    
  0.394151515152         4913199758.05    
  0.404232323232         4691401482.30    
  0.414313131313         4484173100.64    
  0.424393939394         4287297600.46    
  0.434474747475         4102200077.91    
  0.444555555556         3926746819.93    
  0.454636363636         3762420069.99    
  0.464717171717         3604199337.83    
  0.474797979798         3455559868.12    
  0.484878787879         3314095479.72    
  0.494959595960         3180313151.88    
  0.505040404040         3051331202.59    
  0.515121212121         2929292542.87    
  0.525202020202         2812545825.06    
  0.535282828283         2701141049.71    
  0.545363636364         2595043790.99    
  0.555444444444         2493601519.01    
  0.565525252525         2396521016.15    
  0.575606060606         2302943968.15    
  0.585686868687         2213462354.91    
  0.595767676768         2128600996.46    
  0.605848484848         2046003448.03    
  0.615929292929         1966955622.98    
  0.626010101010         1890087427.84    
  0.636090909091         1817356881.03    
  0.646171717172         1746393846.93    
  0.656252525253         1677744827.95    
  0.666333333333         1612148566.51    
  0.676414141414         1547618347.64    
  0.686494949495         1485494526.45    
  0.696575757576         1424706897.12    
  0.706656565657         1365796006.00    
  0.716737373737         1308577979.52    
  0.726818181818         1252993233.88    
  0.736898989899         1198968496.84    
  0.746979797980         1146016973.67    
  0.757060606061         1094723683.95    
  0.767141414141         1044308072.19    
  0.777222222222         995028309.907    
  0.787303030303         946372130.264    
  0.797383838384         899121071.098    
  0.807464646465         852425151.104    
  0.817545454545         806421879.854    
  0.827626262626         761394542.267    
  0.837707070707         716539348.378    
  0.847787878788         671861072.686    
  0.857868686869         628345834.183    
  0.867949494949         585101001.538    
  0.878030303030         542400915.280    
  0.888111111111         499978392.299    
  0.898191919192         457766769.789    
  0.908272727273         415836948.540    
  0.918353535354         374017667.649    
  0.928434343434         332733469.974    
  0.938515151515         291585510.683    
  0.948595959596         250388210.248    
  0.958676767677         209353964.134    
  0.968757575758         168317743.960    
  0.978838383838         126658459.865    
  0.988919191919         82528806.5793    
  0.999000000000         21925928.0531    
