  0.100000000000E-02    0.289484545919E+13
  0.110808080808E-01     258947468874.    
  0.211616161616E-01     134324131201.    
  0.312424242424E-01     90125415026.3    
  0.413232323232E-01     67386191119.2    
  0.514040404040E-01     53614279904.2    
  0.614848484848E-01     44318057307.0    
  0.715656565657E-01     37618539363.1    
  0.816464646465E-01     32591654132.0    
  0.917272727273E-01     28652796004.7    
  0.101808080808         25487979599.6    
  0.111888888889         22901177611.5    
  0.121969696970         20740873740.1    
  0.132050505051         18906090078.6    
  0.142131313131         17343548928.0    
  0.152212121212         15970562446.3    
  0.162292929293         14774659812.8    
  0.172373737374         13717874506.7    
  0.182454545455         12780583082.6    
  0.192535353535         11943660397.3    
  0.202616161616         11185448674.8    
  0.212696969697         10502135202.7    
  0.222777777778         9878266717.69    
  0.232858585859         9314469676.08    
  0.242939393939         8796367248.61    
  0.253020202020         8318923873.44    
  0.263101010101         7882821350.42    
  0.273181818182         7479440255.14    
  0.283262626263         7100071220.71    
  0.293343434343         6752696784.07    
  0.303424242424         6427823048.81    
  0.313505050505         6124838273.65    
  0.323585858586         5840408999.12    
  0.333666666667         5574514454.32    
  0.343747474747         5326009021.52    
  0.353828282828         5093681198.29    
  0.363909090909         4871391185.41    
  0.373989898990         4664322234.20    
  0.384070707071         4469781441.60    
  0.394151515152         4283336313.74    
  0.404232323232         4108314724.25    
  0.414313131313         3942332055.32    
  0.424393939394         3785133475.03    
  0.434474747475         3635586427.74    
  0.444555555556         3492686068.47    
  0.454636363636         3357465098.96    
  0.464717171717         3229039804.83    
  0.474797979798         3105806097.65    
  0.484878787879         2987359677.89    
  0.494959595960         2874067153.41    
  0.505040404040         2767079729.05    
  0.515121212121         2664493546.49    
  0.525202020202         2565811128.53    
  0.535282828283         2471987898.80    
  0.545363636364         2381432842.37    
  0.555444444444         2293925680.07    
  0.565525252525         2210056494.53    
  0.575606060606         2129141670.40    
  0.585686868687         2051597885.41    
  0.595767676768         1977319821.34    
  0.605848484848         1905185392.60    
  0.615929292929         1835833366.77    
  0.626010101010         1769173245.95    
  0.636090909091         1703386276.77    
  0.646171717172         1640386724.61    
  0.656252525253         1579244680.89    
  0.666333333333         1519971323.55    
  0.676414141414         1461816864.37    
  0.686494949495         1405469650.09    
  0.696575757576         1350718517.38    
  0.706656565657         1297390546.79    
  0.716737373737         1245407660.49    
  0.726818181818         1194291211.66    
  0.736898989899         1144926511.40    
  0.746979797980         1096527676.38    
  0.757060606061         1049218183.39    
  0.767141414141         1002521936.77    
  0.777222222222         956610988.995    
  0.787303030303         911557335.733    
  0.797383838384         867308181.164    
  0.807464646465         823412364.600    
  0.817545454545         780372244.461    
  0.827626262626         737571933.488    
  0.837707070707         695192799.872    
  0.847787878788         652926981.226    
  0.857868686869         611382244.034    
  0.867949494949         570042935.342    
  0.878030303030         529085034.283    
  0.888111111111         488363005.525    
  0.898191919192         447620484.493    
  0.908272727273         407098811.362    
  0.918353535354         366596296.911    
  0.928434343434         326536618.423    
  0.938515151515         286477700.131    
  0.948595959596         246266908.876    
  0.958676767677         206139773.831    
  0.968757575758         165929701.161    
  0.978838383838         124975699.240    
  0.988919191919         81541240.5831    
  0.999000000000         21692089.2773    
