  0.100000000000E-02    0.586462821192E+13
  0.110808080808E-01     370517612955.    
  0.211616161616E-01     171194930240.    
  0.312424242424E-01     106389070342.    
  0.413232323232E-01     75063516396.9    
  0.514040404040E-01     56982610228.1    
  0.614848484848E-01     45315227679.8    
  0.715656565657E-01     37198666477.3    
  0.816464646465E-01     31276483072.6    
  0.917272727273E-01     26777965892.9    
  0.101808080808         23252056433.9    
  0.111888888889         20423296138.4    
  0.121969696970         18144933461.7    
  0.132050505051         16236856550.5    
  0.142131313131         14621397194.4    
  0.152212121212         13254981705.3    
  0.162292929293         12076325730.2    
  0.172373737374         11055226250.4    
  0.182454545455         10161816778.2    
  0.192535353535         9371977472.53    
  0.202616161616         8673213344.72    
  0.212696969697         8050161588.31    
  0.222777777778         7494415457.72    
  0.232858585859         6991869086.66    
  0.242939393939         6537393061.84    
  0.253020202020         6125162428.52    
  0.263101010101         5748849589.47    
  0.273181818182         5405652808.22    
  0.283262626263         5090146462.65    
  0.293343434343         4800440063.09    
  0.303424242424         4532746096.60    
  0.313505050505         4285305324.64    
  0.323585858586         4056717956.07    
  0.333666666667         3843229864.37    
  0.343747474747         3645104099.22    
  0.353828282828         3461221483.40    
  0.363909090909         3288882474.63    
  0.373989898990         3122773765.38    
  0.384070707071         2971732887.54    
  0.394151515152         2830606194.08    
  0.404232323232         2698234288.12    
  0.414313131313         2573019743.38    
  0.424393939394         2454765292.15    
  0.434474747475         2342878203.06    
  0.444555555556         2237499073.47    
  0.454636363636         2137654440.84    
  0.464717171717         2042859229.26    
  0.474797979798         1953925196.08    
  0.484878787879         1869512267.49    
  0.494959595960         1789169226.70    
  0.505040404040         1711947041.82    
  0.515121212121         1639034438.84    
  0.525202020202         1569575344.17    
  0.535282828283         1503046591.80    
  0.545363636364         1439420394.11    
  0.555444444444         1378907939.58    
  0.565525252525         1320863797.90    
  0.575606060606         1265349959.31    
  0.585686868687         1212198057.66    
  0.595767676768         1161423538.12    
  0.605848484848         1112418794.93    
  0.615929292929         1065335883.66    
  0.626010101010         1019679465.22    
  0.636090909091         976731346.476    
  0.646171717172         935287110.517    
  0.656252525253         895339381.145    
  0.666333333333         856772008.129    
  0.676414141414         819448856.689    
  0.686494949495         783662171.058    
  0.696575757576         749112347.536    
  0.706656565657         715881145.911    
  0.716737373737         683880652.309    
  0.726818181818         652591937.803    
  0.736898989899         622718171.292    
  0.746979797980         593639560.182    
  0.757060606061         565564986.013    
  0.767141414141         538446733.036    
  0.777222222222         511889883.598    
  0.787303030303         486396743.398    
  0.797383838384         461648505.519    
  0.807464646465         437444889.047    
  0.817545454545         413900125.388    
  0.827626262626         391375085.058    
  0.837707070707         368959496.445    
  0.847787878788         347234160.571    
  0.857868686869         325991615.319    
  0.867949494949         305218975.004    
  0.878030303030         284902917.706    
  0.888111111111         265332064.191    
  0.898191919192         245555210.775    
  0.908272727273         226349826.345    
  0.918353535354         207208108.937    
  0.928434343434         188207333.923    
  0.938515151515         169253133.009    
  0.948595959596         149970600.497    
  0.958676767677         130233193.460    
  0.968757575758         109775541.582    
  0.978838383838         87483910.7069    
  0.988919191919         61260745.3433    
  0.999000000000         17773450.9357    
