  0.100000000000E-02    0.790712135402E+14
  0.110808080808E-01    0.706512351672E+13
  0.211616161616E-01    0.366364825507E+13
  0.312424242424E-01    0.245649302233E+13
  0.413232323232E-01    0.183914363591E+13
  0.514040404040E-01    0.146381691207E+13
  0.614848484848E-01    0.121226555210E+13
  0.715656565657E-01    0.103012776116E+13
  0.816464646465E-01     894028620937.    
  0.917272727273E-01     788195949479.    
  0.101808080808         703630926775.    
  0.111888888889         633900520878.    
  0.121969696970         576340719274.    
  0.132050505051         527044984504.    
  0.142131313131         485481917488.    
  0.152212121212         449459001731.    
  0.162292929293         417337144438.    
  0.172373737374         389469101344.    
  0.182454545455         364595622041.    
  0.192535353535         342663081471.    
  0.202616161616         322841656681.    
  0.212696969697         304995561652.    
  0.222777777778         288983383028.    
  0.232858585859         274032805576.    
  0.242939393939         260720711165.    
  0.253020202020         248353189606.    
  0.263101010101         236807627556.    
  0.273181818182         226327894395.    
  0.283262626263         216501411226.    
  0.293343434343         207570202394.    
  0.303424242424         199125396748.    
  0.313505050505         191570762534.    
  0.323585858586         184271638328.    
  0.333666666667         177432334917.    
  0.343747474747         171210308860.    
  0.353828282828         165195925213.    
  0.363909090909         159543753587.    
  0.373989898990         154365613682.    
  0.384070707071         149346809939.    
  0.394151515152         144723044105.    
  0.404232323232         140034811248.    
  0.414313131313         136021240813.    
  0.424393939394         132107359766.    
  0.434474747475         128329679853.    
  0.444555555556         124668403245.    
  0.454636363636         121519659032.    
  0.464717171717         118335778392.    
  0.474797979798         115473352177.    
  0.484878787879         112483466488.    
  0.494959595960         109589904367.    
  0.505040404040         107090359582.    
  0.515121212121         104508525117.    
  0.525202020202         102096890192.    
  0.535282828283         99883599567.9    
  0.545363636364         97632989819.1    
  0.555444444444         95540473535.2    
  0.565525252525         93600277732.6    
  0.575606060606         91688564195.2    
  0.585686868687         90034569700.2    
  0.595767676768         88122370591.6    
  0.605848484848         86453770077.8    
  0.615929292929         85052940298.7    
  0.626010101010         83424470365.4    
  0.636090909091         81998635608.3    
  0.646171717172         80700221402.5    
  0.656252525253         79397570610.1    
  0.666333333333         78080659259.0    
  0.676414141414         76760241901.4    
  0.686494949495         75514124932.3    
  0.696575757576         74515100347.0    
  0.706656565657         73236522398.9    
  0.716737373737         72184477031.6    
  0.726818181818         71177717654.2    
  0.736898989899         70142324029.2    
  0.746979797980         69216019454.2    
  0.757060606061         68240290722.6    
  0.767141414141         67369883244.8    
  0.777222222222         66475484046.6    
  0.787303030303         65666094682.5    
  0.797383838384         64752921102.7    
  0.807464646465         63766299336.6    
  0.817545454545         62902453329.4    
  0.827626262626         62053711940.8    
  0.837707070707         61110765637.7    
  0.847787878788         60349852640.7    
  0.857868686869         59417382844.6    
  0.867949494949         58534145315.6    
  0.878030303030         57619538148.8    
  0.888111111111         56587229058.5    
  0.898191919192         55362679573.8    
  0.908272727273         54038130998.1    
  0.918353535354         52626243448.7    
  0.928434343434         50927129889.4    
  0.938515151515         48969860293.9    
  0.948595959596         46576834740.7    
  0.958676767677         43482140862.9    
  0.968757575758         39408671100.0    
  0.978838383838         33577142187.0    
  0.988919191919         24058225798.6    
  0.999000000000         3747359566.34    
