  0.100000000000E-02    0.290827610110E+15
  0.110808080808E-01    0.212762020519E+14
  0.211616161616E-01    0.109613208164E+14
  0.312424242424E-01    0.713441384173E+13
  0.413232323232E-01    0.474596249370E+13
  0.514040404040E-01    0.407992349713E+13
  0.614848484848E-01    0.329999510659E+13
  0.715656565657E-01    0.274413224866E+13
  0.816464646465E-01    0.232570115805E+13
  0.917272727273E-01    0.201282603990E+13
  0.101808080808        0.178988665615E+13
  0.111888888889        0.154865831878E+13
  0.121969696970        0.141781145425E+13
  0.132050505051        0.128694097007E+13
  0.142131313131        0.116574383208E+13
  0.152212121212        0.105078106284E+13
  0.162292929293         998030772058.    
  0.172373737374         871427740233.    
  0.182454545455         838209735681.    
  0.192535353535         807811817186.    
  0.202616161616         722388012882.    
  0.212696969697         678810406281.    
  0.222777777778         650315928991.    
  0.232858585859         607915183729.    
  0.242939393939         571687776448.    
  0.253020202020         529817080870.    
  0.263101010101         517111111941.    
  0.273181818182         484790158008.    
  0.283262626263         459894182905.    
  0.293343434343         440573254999.    
  0.303424242424         420490166679.    
  0.313505050505         401094197256.    
  0.323585858586         373777610461.    
  0.333666666667         366666758873.    
  0.343747474747         347359075927.    
  0.353828282828         337014390899.    
  0.363909090909         325071781655.    
  0.373989898990         314374684243.    
  0.384070707071         297067798265.    
  0.394151515152         286713593226.    
  0.404232323232         277155323542.    
  0.414313131313         265499774687.    
  0.424393939394         255502299386.    
  0.434474747475         248849900073.    
  0.444555555556         239410481830.    
  0.454636363636         230524863193.    
  0.464717171717         223518130933.    
  0.474797979798         215650575962.    
  0.484878787879         209035088207.    
  0.494959595960         202359300455.    
  0.505040404040         194118952402.    
  0.515121212121         191752519085.    
  0.525202020202         186347920339.    
  0.535282828283         179745440909.    
  0.545363636364         173338711987.    
  0.555444444444         170356540284.    
  0.565525252525         167285929330.    
  0.575606060606         159313188721.    
  0.585686868687         156882304656.    
  0.595767676768         152438970622.    
  0.605848484848         149283394770.    
  0.615929292929         146765172306.    
  0.626010101010         140415812358.    
  0.636090909091         137616147170.    
  0.646171717172         132873896830.    
  0.656252525253         130319006087.    
  0.666333333333         126473044544.    
  0.676414141414         124391243372.    
  0.686494949495         120620558565.    
  0.696575757576         118697173095.    
  0.706656565657         114455162687.    
  0.716737373737         112004202537.    
  0.726818181818         110472803834.    
  0.736898989899         107609450712.    
  0.746979797980         104124215151.    
  0.757060606061         102427685533.    
  0.767141414141         99774467104.4    
  0.777222222222         97208827375.2    
  0.787303030303         94518574991.5    
  0.797383838384         92129463948.9    
  0.807464646465         90346133714.3    
  0.817545454545         88170487889.6    
  0.827626262626         85747072486.8    
  0.837707070707         83742096112.4    
  0.847787878788         81102034928.5    
  0.857868686869         78816200474.2    
  0.867949494949         77003286388.3    
  0.878030303030         74300867864.1    
  0.888111111111         71856735466.2    
  0.898191919192         69158515767.3    
  0.908272727273         66406770523.4    
  0.918353535354         63635128976.6    
  0.928434343434         60519558653.3    
  0.938515151515         56937634758.0    
  0.948595959596         53072535726.4    
  0.958676767677         48495917585.7    
  0.968757575758         42942433120.7    
  0.978838383838         35737007193.1    
  0.988919191919         24972732778.8    
  0.999000000000         3791867690.97    
