  0.100000000000E-02    0.195648064895E+13
  0.110808080808E-01     175429298245.    
  0.211616161616E-01     91060065199.8    
  0.312424242424E-01     61046651122.9    
  0.413232323232E-01     45606783299.9    
  0.514040404040E-01     36193758849.6    
  0.614848484848E-01     29839858005.5    
  0.715656565657E-01     25271995989.6    
  0.816464646465E-01     21827642064.1    
  0.917272727273E-01     19130850386.4    
  0.101808080808         16966378438.5    
  0.111888888889         15195683998.5    
  0.121969696970         13715833088.8    
  0.132050505051         12458854564.6    
  0.142131313131         11378952848.6    
  0.152212121212         10443371021.8    
  0.162292929293         9626383051.76    
  0.172373737374         8905014728.08    
  0.182454545455         8266674850.02    
  0.192535353535         7695687418.39    
  0.202616161616         7183086240.53    
  0.212696969697         6718806372.98    
  0.222777777778         6297652142.20    
  0.232858585859         5913687740.40    
  0.242939393939         5563817260.68    
  0.253020202020         5243298786.24    
  0.263101010101         4948548989.62    
  0.273181818182         4675975865.02    
  0.283262626263         4425051593.89    
  0.293343434343         4193452455.16    
  0.303424242424         3970801552.46    
  0.313505050505         3770006526.93    
  0.323585858586         3582968409.50    
  0.333666666667         3408866070.72    
  0.343747474747         3245445181.37    
  0.353828282828         3092251685.08    
  0.363909090909         2948682403.50    
  0.373989898990         2813432829.35    
  0.384070707071         2685333511.51    
  0.394151515152         2564649618.35    
  0.404232323232         2450783394.54    
  0.414313131313         2343535800.43    
  0.424393939394         2241232087.07    
  0.434474747475         2145140499.77    
  0.444555555556         2054334134.51    
  0.454636363636         1967990656.54    
  0.464717171717         1885190646.01    
  0.474797979798         1806058206.17    
  0.484878787879         1731266232.69    
  0.494959595960         1659958255.36    
  0.505040404040         1591906641.19    
  0.515121212121         1526490419.48    
  0.525202020202         1464072093.88    
  0.535282828283         1404670215.12    
  0.545363636364         1347678671.07    
  0.555444444444         1292977788.78    
  0.565525252525         1240709126.50    
  0.575606060606         1190570958.95    
  0.585686868687         1142268694.97    
  0.595767676768         1095765044.82    
  0.605848484848         1051084536.02    
  0.615929292929         1007743806.77    
  0.626010101010         966742692.069    
  0.636090909091         927107982.785    
  0.646171717172         888827564.827    
  0.656252525253         851906958.947    
  0.666333333333         816061479.139    
  0.676414141414         781755062.964    
  0.686494949495         748523738.456    
  0.696575757576         716458013.752    
  0.706656565657         685527369.340    
  0.716737373737         655304163.262    
  0.726818181818         626350305.191    
  0.736898989899         598122898.210    
  0.746979797980         570861311.932    
  0.757060606061         544648375.703    
  0.767141414141         518791091.273    
  0.777222222222         493885720.049    
  0.787303030303         469867490.713    
  0.797383838384         446217209.795    
  0.807464646465         423258052.087    
  0.817545454545         401088191.369    
  0.827626262626         379332317.128    
  0.837707070707         358004295.301    
  0.847787878788         337170657.486    
  0.857868686869         316814999.466    
  0.867949494949         296916236.560    
  0.878030303030         277289966.832    
  0.888111111111         258471606.716    
  0.898191919192         239462593.348    
  0.908272727273         220850804.514    
  0.918353535354         202460413.268    
  0.928434343434         184021159.806    
  0.938515151515         165593209.644    
  0.948595959596         146876448.028    
  0.958676767677         127655598.966    
  0.968757575758         107674420.251    
  0.978838383838         85855854.1845    
  0.988919191919         60164175.2930    
  0.999000000000         17469631.9746    
