   0.00000000000         0.00000000000    
  0.105263157895E-01     87577752.7183    
  0.210526315789E-01     134159628.230    
  0.315789473684E-01     139392382.299    
  0.421052631579E-01     123466224.740    
  0.526315789474E-01     101648023.299    
  0.631578947368E-01     81178275.9800    
  0.736842105263E-01     64130263.4015    
  0.842105263158E-01     50616071.7543    
  0.947368421053E-01     40160677.7187    
  0.105263157895         32123297.2370    
  0.115789473684         25920439.6630    
  0.126315789474         21123065.3372    
  0.136842105263         17377943.8494    
  0.147368421053         14430056.7845    
  0.157894736842         12087568.4915    
  0.168421052632         10209548.9365    
  0.178947368421         8690257.57502    
  0.189473684211         7451841.07405    
  0.200000000000         6433119.15306    
