   0.00000000000         0.00000000000    
  0.689655172414E-02     153431394.214    
  0.137931034483E-01     263734210.492    
  0.206896551724E-01     315222662.437    
  0.275862068966E-01     320356033.518    
  0.344827586207E-01     299743217.910    
  0.413793103448E-01     269042730.929    
  0.482758620690E-01     237007109.354    
  0.551724137931E-01     206913424.811    
  0.620689655172E-01     179999719.610    
  0.689655172414E-01     156286664.612    
  0.758620689655E-01     135490517.755    
  0.827586206897E-01     117788765.899    
  0.896551724138E-01     102391356.755    
  0.965517241379E-01     89208782.0163    
  0.103448275862         77908874.9572    
  0.110344827586         68268410.7447    
  0.117241379310         60020004.5554    
  0.124137931034         52896451.2014    
  0.131034482759         46773662.5132    
  0.137931034483         41500931.4980    
  0.144827586207         36929613.6088    
  0.151724137931         32962353.4146    
  0.158620689655         29527428.9831    
  0.165517241379         26511538.4324    
  0.172413793103         23875722.2181    
  0.179310344828         21569959.0706    
  0.186206896552         19532228.0321    
  0.193103448276         17738031.6872    
  0.200000000000         16149338.9153    
