   0.00000000000         0.00000000000    
  0.408163265306E-02     314168482.342    
  0.816326530612E-02     589555236.664    
  0.122448979592E-01     800933564.028    
  0.163265306122E-01     934942970.477    
  0.204081632653E-01     996435324.573    
  0.244897959184E-01     1002073605.14    
  0.285714285714E-01     971612838.461    
  0.326530612245E-01     921478517.679    
  0.367346938776E-01     858152055.286    
  0.408163265306E-01     796187090.644    
  0.448979591837E-01     735427031.791    
  0.489795918367E-01     678603670.043    
  0.530612244898E-01     627415556.554    
  0.571428571429E-01     579003753.633    
  0.612244897959E-01     534125436.853    
  0.653061224490E-01     495124915.541    
  0.693877551020E-01     458585003.552    
  0.734693877551E-01     423231970.878    
  0.775510204082E-01     392639158.351    
  0.816326530612E-01     363656978.519    
  0.857142857143E-01     337067046.995    
  0.897959183673E-01     312379845.140    
  0.938775510204E-01     289758162.182    
  0.979591836735E-01     268834078.176    
  0.102040816327         249576773.762    
  0.106122448980         231513444.875    
  0.110204081633         215221563.486    
  0.114285714286         200332341.032    
  0.118367346939         186501487.622    
  0.122448979592         173795146.211    
  0.126530612245         161898915.304    
  0.130612244898         151227807.737    
  0.134693877551         141187795.185    
  0.138775510204         132027667.047    
  0.142857142857         123624661.687    
  0.146938775510         115726848.162    
  0.151020408163         108466879.689    
  0.155102040816         101881011.586    
  0.159183673469         95629511.5419    
  0.163265306122         89967226.6101    
  0.167346938776         84705168.4245    
  0.171428571429         79812597.8377    
  0.175510204082         75257885.2645    
  0.179591836735         70972469.3402    
  0.183673469388         67064948.0839    
  0.187755102041         63337567.1781    
  0.191836734694         59937291.5930    
  0.195918367347         56769409.2398    
  0.200000000000         53781688.0850    
