   0.00000000000         0.00000000000    
  0.326530612245E-01     314492214.439    
  0.653061224490E-01     613436583.848    
  0.979591836735E-01     882935377.688    
  0.130612244898         1113108640.06    
  0.163265306122         1297761059.18    
  0.195918367347         1436478237.96    
  0.228571428571         1531680693.88    
  0.261224489796         1584768411.75    
  0.293877551020         1603337901.56    
  0.326530612245         1593737092.73    
  0.359183673469         1560710936.88    
  0.391836734694         1512907267.17    
  0.424489795918         1452609130.85    
  0.457142857143         1385192904.41    
  0.489795918367         1313612505.92    
  0.522448979592         1240308122.53    
  0.555102040816         1166856638.50    
  0.587755102041         1096100533.77    
  0.620408163265         1026538162.04    
  0.653061224490         960420925.815    
  0.685714285714         896608390.662    
  0.718367346939         836395211.935    
  0.751020408163         779405846.634    
  0.783673469388         726189812.457    
  0.816326530612         676684935.383    
  0.848979591837         630497854.143    
  0.881632653061         587690771.961    
  0.914285714286         547956631.400    
  0.946938775510         510444170.605    
  0.979591836735         476181678.782    
   1.01224489796         444295763.732    
   1.04489795918         414938218.514    
   1.07755102041         387676228.743    
   1.11020408163         362368560.412    
   1.14285714286         338815081.789    
   1.17551020408         317077925.296    
   1.20816326531         296948844.888    
   1.24081632653         278197928.376    
   1.27346938776         260785845.357    
   1.30612244898         244665492.374    
   1.33877551020         229695438.463    
   1.37142857143         215778983.823    
   1.40408163265         202786580.845    
   1.43673469388         190584329.878    
   1.46938775510         179415814.649    
   1.50204081633         168930771.869    
   1.53469387755         159159203.779    
   1.56734693878         149996227.718    
   1.60000000000         141411110.125    
