   0.00000000000         0.00000000000    
  0.410256410256E-01     20785617.5863    
  0.820512820513E-01     43240847.8809    
  0.123076923077         68015788.8273    
  0.164102564103         94363483.1141    
  0.205128205128         120246137.593    
  0.246153846154         143259422.907    
  0.287179487179         161370961.545    
  0.328205128205         173250066.257    
  0.369230769231         178912071.187    
  0.410256410256         178448368.897    
  0.451282051282         173242479.550    
  0.492307692308         164640777.310    
  0.533333333333         153564964.047    
  0.574358974359         141100126.674    
  0.615384615385         128144504.498    
  0.656410256410         115465909.397    
  0.697435897436         103342332.944    
  0.738461538462         91967736.0488    
  0.779487179487         81643275.6457    
  0.820512820513         72237340.7699    
  0.861538461538         63813559.1433    
  0.902564102564         56407401.9132    
  0.943589743590         49803015.6667    
  0.984615384615         43998710.1595    
   1.02564102564         38918535.5998    
   1.06666666667         34471347.2880    
   1.10769230769         30543385.6966    
   1.14871794872         27120199.7583    
   1.18974358974         24107332.4870    
   1.23076923077         21477891.5887    
   1.27179487179         19171485.5641    
   1.31282051282         17133320.8324    
   1.35384615385         15346192.4220    
   1.39487179487         13774135.3008    
   1.43589743590         12383850.7504    
   1.47692307692         11154353.0755    
   1.51794871795         10064824.4941    
   1.55897435897         9096003.34717    
   1.60000000000         8235206.94308    
