   0.00000000000         0.00000000000    
  0.410256410256E-01     90023162.7462    
  0.820512820513E-01     177260822.847    
  0.123076923077         258474101.787    
  0.164102564103         330364990.864    
  0.205128205128         389857966.252    
  0.246153846154         434459762.329    
  0.287179487179         462973244.703    
  0.328205128205         476363606.222    
  0.369230769231         475675182.892    
  0.410256410256         463655074.982    
  0.451282051282         443565202.698    
  0.492307692308         417409467.754    
  0.533333333333         388106032.460    
  0.574358974359         357347029.783    
  0.615384615385         326361039.682    
  0.656410256410         296631131.670    
  0.697435897436         268398989.660    
  0.738461538462         242102029.730    
  0.779487179487         217860905.862    
  0.820512820513         195911050.713    
  0.861538461538         176077716.499    
  0.902564102564         158293587.796    
  0.943589743590         142367693.894    
  0.984615384615         128151161.592    
   1.02564102564         115448908.539    
   1.06666666667         104258989.968    
   1.10769230769         94214967.6969    
   1.14871794872         85288673.3391    
   1.18974358974         77317733.4425    
   1.23076923077         70209970.9744    
   1.27179487179         63886152.3476    
   1.31282051282         58267988.1727    
   1.35384615385         53204137.8023    
   1.39487179487         48609915.0325    
   1.43589743590         44495708.3588    
   1.47692307692         40791156.2314    
   1.51794871795         37473382.3606    
   1.55897435897         34459113.2977    
   1.60000000000         31725947.5953    
