  0.100000000000E-02     15.4432334279    
  0.110808080808E-01     15.2952577493    
  0.211616161616E-01     15.1427204908    
  0.312424242424E-01     14.9945412894    
  0.413232323232E-01     14.8415631325    
  0.514040404040E-01     14.6881558732    
  0.614848484848E-01     14.5537894756    
  0.715656565657E-01     14.4096001705    
  0.816464646465E-01     14.2794060497    
  0.917272727273E-01     14.1397271440    
  0.101808080808         14.0193955706    
  0.111888888889         13.8884055266    
  0.121969696970         13.7593876607    
  0.132050505051         13.6310592157    
  0.142131313131         13.5312229428    
  0.152212121212         13.4095172772    
  0.162292929293         13.3070686015    
  0.172373737374         13.1926625995    
  0.182454545455         13.0989975849    
  0.192535353535         12.9634587565    
  0.202616161616         12.8676003417    
  0.212696969697         12.7671641474    
  0.222777777778         12.6778958092    
  0.232858585859         12.5783239587    
  0.242939393939         12.4805301664    
  0.253020202020         12.3917906749    
  0.263101010101         12.2914306383    
  0.273181818182         12.2043002146    
  0.283262626263         12.1245764140    
  0.293343434343         12.0585605956    
  0.303424242424         11.9784516599    
  0.313505050505         11.8986339147    
  0.323585858586         11.8194577154    
  0.333666666667         11.7573600353    
  0.343747474747         11.6590249363    
  0.353828282828         11.6070008163    
  0.363909090909         11.5137225351    
  0.373989898990         11.4609365652    
  0.384070707071         11.4055060802    
  0.394151515152         11.3352345262    
  0.404232323232         11.2910355181    
  0.414313131313         11.2605651980    
  0.424393939394         11.2185969051    
  0.434474747475         11.1534514479    
  0.444555555556         11.1138671242    
  0.454636363636         11.0808080295    
  0.464717171717         11.0163546116    
  0.474797979798         10.9802337042    
  0.484878787879         10.9513479027    
  0.494959595960         10.9152309075    
  0.505040404040         10.8785095073    
  0.515121212121         10.8412842899    
  0.525202020202         10.7883196600    
  0.535282828283         10.7849759835    
  0.545363636364         10.7527005029    
  0.555444444444         10.7250501034    
  0.565525252525         10.6809977378    
  0.575606060606         10.6554148484    
  0.585686868687         10.6345945717    
  0.595767676768         10.6226490160    
  0.605848484848         10.5970244465    
  0.615929292929         10.5898102419    
  0.626010101010         10.5840881466    
  0.636090909091         10.5648328488    
  0.646171717172         10.5374609982    
  0.656252525253         10.5500441809    
  0.666333333333         10.5311070537    
  0.676414141414         10.4982739185    
  0.686494949495         10.4781748793    
  0.696575757576         10.4616754232    
  0.706656565657         10.4424809846    
  0.716737373737         10.4025613458    
  0.726818181818         10.3635757496    
  0.736898989899         10.3824448119    
  0.746979797980         10.3439064873    
  0.757060606061         10.3435886066    
  0.767141414141         10.3021473179    
  0.777222222222         10.2540707235    
  0.787303030303         10.2050354968    
  0.797383838384         10.1793744827    
  0.807464646465         10.1076714836    
  0.817545454545         10.0342090232    
  0.827626262626         9.96619064821    
  0.837707070707         9.89006188801    
  0.847787878788         9.76121426620    
  0.857868686869         9.66796479073    
  0.867949494949         9.55425765323    
  0.878030303030         9.38868945456    
  0.888111111111         9.22463074002    
  0.898191919192         9.02744064447    
  0.908272727273         8.77785999052    
  0.918353535354         8.49872516992    
  0.928434343434         8.15897239729    
  0.938515151515         7.74485468307    
  0.948595959596         7.23859808414    
  0.958676767677         6.61751740047    
  0.968757575758         5.80963831530    
  0.978838383838         4.72890261075    
  0.988919191919         3.21575554913    
  0.999000000000        0.852797359479    
