  0.100000000000E-02     47.9340605203    
  0.110808080808E-01     38.2495041418    
  0.211616161616E-01     35.3279522045    
  0.312424242424E-01     33.4400449858    
  0.413232323232E-01     32.0021969553    
  0.514040404040E-01     30.8727010816    
  0.614848484848E-01     29.8644876907    
  0.715656565657E-01     28.9386400445    
  0.816464646465E-01     28.2251548410    
  0.917272727273E-01     27.4826506004    
  0.101808080808         26.7849808161    
  0.111888888889         26.2040977483    
  0.121969696970         25.5888510491    
  0.132050505051         25.0679314471    
  0.142131313131         24.5387610400    
  0.152212121212         24.0592666632    
  0.162292929293         23.6125883743    
  0.172373737374         23.2058824182    
  0.182454545455         22.7936662125    
  0.192535353535         22.3994433697    
  0.202616161616         21.9768206197    
  0.212696969697         21.6110629087    
  0.222777777778         21.2874976162    
  0.232858585859         20.9781430490    
  0.242939393939         20.6388982483    
  0.253020202020         20.3028927276    
  0.263101010101         20.0489440559    
  0.273181818182         19.7244680858    
  0.283262626263         19.4417255278    
  0.293343434343         19.2265018649    
  0.303424242424         18.9318224355    
  0.313505050505         18.6733056072    
  0.323585858586         18.4214424711    
  0.333666666667         18.1895064863    
  0.343747474747         17.9673113936    
  0.353828282828         17.7563379014    
  0.363909090909         17.5644860118    
  0.373989898990         17.3292523366    
  0.384070707071         17.1258076012    
  0.394151515152         16.9606859333    
  0.404232323232         16.7676560229    
  0.414313131313         16.5697559544    
  0.424393939394         16.4033627198    
  0.434474747475         16.2317418733    
  0.444555555556         16.0760307129    
  0.454636363636         15.8959883572    
  0.464717171717         15.7306825042    
  0.474797979798         15.5675215085    
  0.484878787879         15.4334412467    
  0.494959595960         15.2902345447    
  0.505040404040         15.1436909365    
  0.515121212121         15.0044925152    
  0.525202020202         14.8791482363    
  0.535282828283         14.7620125845    
  0.545363636364         14.6303122730    
  0.555444444444         14.4976168941    
  0.565525252525         14.3833598112    
  0.575606060606         14.2609574023    
  0.585686868687         14.1390822948    
  0.595767676768         14.0402170324    
  0.605848484848         13.9261065012    
  0.615929292929         13.8166271624    
  0.626010101010         13.7113984583    
  0.636090909091         13.5997513069    
  0.646171717172         13.4872218265    
  0.656252525253         13.3742246007    
  0.666333333333         13.2827106670    
  0.676414141414         13.1747628715    
  0.686494949495         13.0665664162    
  0.696575757576         12.9563672486    
  0.706656565657         12.8522324471    
  0.716737373737         12.7412759473    
  0.726818181818         12.6400285179    
  0.736898989899         12.5278496713    
  0.746979797980         12.4122525941    
  0.757060606061         12.2963027644    
  0.767141414141         12.1751231665    
  0.777222222222         12.0454820718    
  0.787303030303         11.9138244068    
  0.797383838384         11.7682729166    
  0.807464646465         11.6224690654    
  0.817545454545         11.4659127807    
  0.827626262626         11.3180777895    
  0.837707070707         11.1418591930    
  0.847787878788         10.9527138885    
  0.857868686869         10.7482647114    
  0.867949494949         10.5296698107    
  0.878030303030         10.2872478778    
  0.888111111111         10.0300211444    
  0.898191919192         9.72781200998    
  0.908272727273         9.40348741065    
  0.918353535354         9.03760706068    
  0.928434343434         8.61545423114    
  0.938515151515         8.13811804691    
  0.948595959596         7.55177930435    
  0.958676767677         6.85492915540    
  0.968757575758         5.96440188131    
  0.978838383838         4.81757991262    
  0.988919191919         3.25311997102    
  0.999000000000        0.857961760059    
