  0.100000000000E-02     15.6369473184    
  0.110808080808E-01     15.4823992196    
  0.211616161616E-01     15.3305687623    
  0.312424242424E-01     15.1814559464    
  0.413232323232E-01     15.0350607721    
  0.514040404040E-01     14.8913832392    
  0.614848484848E-01     14.7504233479    
  0.715656565657E-01     14.6121810980    
  0.816464646465E-01     14.4766564896    
  0.917272727273E-01     14.3438495227    
  0.101808080808         14.2137601973    
  0.111888888889         14.0863885134    
  0.121969696970         13.9617344710    
  0.132050505051         13.8397980701    
  0.142131313131         13.7205793107    
  0.152212121212         13.6040781927    
  0.162292929293         13.4902947163    
  0.172373737374         13.3792288813    
  0.182454545455         13.2708806879    
  0.192535353535         13.1652501359    
  0.202616161616         13.0623372255    
  0.212696969697         12.9621419565    
  0.222777777778         12.8646643290    
  0.232858585859         12.7699043430    
  0.242939393939         12.6778619985    
  0.253020202020         12.5885372955    
  0.263101010101         12.5019302340    
  0.273181818182         12.4180408140    
  0.283262626263         12.3368690355    
  0.293343434343         12.2584148984    
  0.303424242424         12.1826784029    
  0.313505050505         12.1096595489    
  0.323585858586         12.0393583363    
  0.333666666667         11.9717747652    
  0.343747474747         11.9069088357    
  0.353828282828         11.8447605476    
  0.363909090909         11.7853299010    
  0.373989898990         11.7286168959    
  0.384070707071         11.6746215323    
  0.394151515152         11.6233438102    
  0.404232323232         11.5747837296    
  0.414313131313         11.5289412905    
  0.424393939394         11.4858164929    
  0.434474747475         11.4454093367    
  0.444555555556         11.4077198221    
  0.454636363636         11.3727479489    
  0.464717171717         11.3404937173    
  0.474797979798         11.3109571271    
  0.484878787879         11.2841381785    
  0.494959595960         11.2600368713    
  0.505040404040         11.2386532056    
  0.515121212121         11.2199871814    
  0.525202020202         11.2040387987    
  0.535282828283         11.1908080575    
  0.545363636364         11.1802949578    
  0.555444444444         11.1724994996    
  0.565525252525         11.1674216829    
  0.575606060606         11.1650615076    
  0.585686868687         11.1654189739    
  0.595767676768         11.1684940816    
  0.605848484848         11.1742868309    
  0.615929292929         11.1827972216    
  0.626010101010         11.1940252538    
  0.636090909091         11.2079709276    
  0.646171717172         11.2246342428    
  0.656252525253         11.2440151995    
  0.666333333333         11.2661137977    
  0.676414141414         11.2909300374    
  0.686494949495         11.3184639186    
  0.696575757576         11.3487154413    
  0.706656565657         11.3816846054    
  0.716737373737         11.4173714111    
  0.726818181818         11.4557758583    
  0.736898989899         11.4968979469    
  0.746979797980         11.5407376770    
  0.757060606061         11.5872950487    
  0.767141414141         11.6365700618    
  0.777222222222         11.6885627164    
  0.787303030303         11.7432730125    
  0.797383838384         11.8007009502    
  0.807464646465         11.8608465293    
  0.817545454545         11.9237097499    
  0.827626262626         11.9892906119    
  0.837707070707         12.0575891155    
  0.847787878788         12.1286052606    
  0.857868686869         12.2023390472    
  0.867949494949         12.2787904752    
  0.878030303030         12.3579595448    
  0.888111111111         12.4398462558    
  0.898191919192         12.5244506083    
  0.908272727273         12.6117726024    
  0.918353535354         12.7018122379    
  0.928434343434         12.7945695149    
  0.938515151515         12.8900444334    
  0.948595959596         12.9882369934    
  0.958676767677         13.0891471949    
  0.968757575758         13.1927750379    
  0.978838383838         13.2991205224    
  0.988919191919         13.4081836483    
  0.999000000000         13.5199644158    
