   0.00000000000        -74.2896562871      
  0.128228271575        -60.3463708282      
  0.256456543150        -43.0439854526      
  0.384684814725        -23.1543341075      
  0.512913086300        -1.80373094493      
  0.641141357875         19.6627710873      
  0.769369629451         39.8821811816      
  0.897597901026         57.6799936210      
   1.02582617260         72.2197294364      
   1.15405444418         83.0606997778      
   1.28228271575         90.1265560006      
   1.41051098733         93.6209032241      
   1.53873925890         93.9217676160      
   1.66696753048         91.4943884823      
   1.79519580205         86.8110947627      
   1.92342407363         80.3243730055      
   2.05165234520         72.4397923862      
   2.17988061678         63.5118702650      
   2.30810888835         53.8550421904      
   2.43633715993         43.7621430458      
   2.56456543150         33.5178418652      
   2.69279370308         23.4290215086      
   2.82102197465         13.8493888096      
   2.94925024623         5.20974135566      
   3.07747851780        -1.96509732552      
   3.20570678938        -7.05566665586      
   3.33393506095        -9.41206113200      
   3.46216333253        -8.49730660800      
   3.59039160410        -4.18262057025      
   3.71861987568         3.19204163931      
   3.84684814725         8.00686513782      
   3.97507641883         9.49728526778      
   4.10330469040         7.65529196864      
   4.23153296198         2.97605199116      
   4.35976123355        -3.89653195182      
   4.48798950513        -12.3312166185      
   4.61621777670        -21.7865119615      
   4.74444604828        -31.8168352846      
   4.87267431985        -42.0573917640      
   5.00090259143        -52.1956746682      
   5.12913086300        -61.9452512074      
   5.25735913458        -71.0153463916      
   5.38558740615        -79.0973366285      
   5.51381567773        -85.8436232993      
   5.64204394930        -90.8569344702      
   5.77027222088        -93.6935366570      
   5.89850049245        -93.8810513292      
   6.02672876403        -90.9483803322      
   6.15495703560        -84.4978788502      
   6.28318530718        -74.2896562872      
