   0.00000000000        -69.5634805589      
  0.128228271575        -77.8332625258      
  0.256456543150        -84.8282224984      
  0.384684814725        -90.1600323999      
  0.512913086300        -93.3916222111      
  0.641141357875        -94.0543053583      
  0.769369629451        -91.6721026827      
  0.897597901026        -85.8301029283      
   1.02582617260        -76.2550335800      
   1.15405444418        -62.9185081560      
   1.28228271575        -46.1330889950      
   1.41051098733        -26.6048014522      
   1.53873925890        -5.40793119929      
   1.66696753048         16.1361234065      
   1.79519580205         36.6523204008      
   1.92342407363         54.9221881257      
   2.05165234520         70.0462488869      
   2.17988061678         81.5180337874      
   2.30810888835         89.2051285368      
   2.43633715993         93.2718815725      
   2.56456543150         94.0742483407      
   2.69279370308         92.0685519211      
   2.82102197465         87.7286483784      
   2.94925024623         81.5128230540      
   3.07747851780         73.8353865450      
   3.20570678938         65.0583367740      
   3.33393506095         55.5040588299      
   3.46216333253         45.4626455686      
   3.59039160410         35.2232542997      
   3.71861987568         25.0854788832      
   3.84684814725         15.3934577816      
   3.97507641883         6.56341795834      
   4.10330469040       -0.896471863001      
   4.23153296198        -6.37963041235      
   4.35976123355        -9.23506690460      
   4.48798950513        -8.89087913503      
   4.61621777670        -5.11460701265      
   4.74444604828         2.19377088776      
   4.87267431985         7.42078873101      
   5.00090259143         9.48911895885      
   5.12913086300         8.17583079355      
   5.25735913458         3.92618563599      
   5.38558740615        -2.62599848135      
   5.51381567773        -10.8412189230      
   5.64204394930        -20.1597443843      
   5.77027222088        -30.1214202150      
   5.89850049245        -40.3497463938      
   6.02672876403        -50.5253641913      
   6.15495703560        -60.3598943897      
   6.28318530718        -69.5634805589      
