   0.00000000000        -93.5516499249      
  0.128228271575        -93.9784011357      
  0.256456543150        -91.3223974959      
  0.384684814725        -85.1770701722      
  0.512913086300        -75.2854671164      
  0.641141357875        -61.6443802347      
  0.769369629451        -44.5979047202      
  0.897597901026        -24.8850738612      
   1.02582617260        -3.60664625232      
   1.15405444418         17.9034508590      
   1.28228271575         38.2754566749      
   1.41051098733         56.3123307409      
   1.53873925890         71.1458574317      
   1.66696753048         82.3025774792      
   1.79519580205         89.6783743050      
   1.92342407363         93.4576166914      
   2.05165234520         94.0076263311      
   2.17988061678         91.7894008841      
   2.30810888835         87.2762500607      
   2.43633715993         80.9235388959      
   2.56456543150         73.1413264057      
   2.69279370308         64.2876951268      
   2.82102197465         54.6802922264      
   2.94925024623         44.6129764171      
   3.07747851780         34.3701668378      
   3.20570678938         24.2556399799      
   3.33393506095         14.6183247679      
   3.46216333253         5.88166302056      
   3.59039160410        -1.43781158236      
   3.71861987568        -6.72697711177      
   3.84684814725        -9.33492775501      
   3.97507641883        -8.70619544893      
   4.10330469040        -4.65756254019      
   4.23153296198         2.68750246713      
   4.35976123355         7.72563951158      
   4.48798950513         9.50503812318      
   4.61621777670         7.92561750774      
   4.74444604828         3.45891709454      
   4.87267431985        -3.25543679455      
   5.00090259143        -11.5825506999      
   5.12913086300        -20.9710321766      
   5.25735913458        -30.9683105565      
   5.38558740615        -41.2038460235      
   5.51381567773        -51.3617900418      
   5.64204394930        -61.1548576146      
   5.77027222088        -70.2927476022      
   5.89850049245        -78.4698439843      
   6.02672876403        -85.3418149931      
   6.15495703560        -90.5158679399      
   6.28318530718        -93.5516499249      
