  0.100000000000E-02    0.287673686041E-01
  0.354137931034E-01    0.958123306523    
  0.698275862069E-01     1.84695909998    
  0.104241379310         2.70496328943    
  0.138655172414         3.53055161867    
  0.173068965517         4.31954912685    
  0.207482758621         5.06645434622    
  0.241896551724         5.76489838520    
  0.276310344828         6.40789991041    
  0.310724137931         6.98806149519    
  0.345137931034         7.49775655666    
  0.379551724138         7.92932642002    
  0.413965517241         8.27529492816    
  0.448379310345         8.52860153942    
  0.482793103448         8.68284948886    
  0.517206896552         8.73256222149    
  0.551620689655         8.67343869236    
  0.586034482759         8.50259637867    
  0.620448275862         8.21879022196    
  0.654862068966         7.82259653096    
  0.689275862069         7.31655343698    
  0.723689655172         6.70525410093    
  0.758103448276         5.99539581425    
  0.792517241379         5.19579760716    
  0.826931034483         4.31740995914    
  0.861344827586         3.37334260171    
  0.895758620690         2.37885466054    
  0.930172413793         1.35043648223    
  0.964586206897        0.292562296012    
  0.999000000000        -2.28021194970    
