  0.100000000000E-02    0.287948454669E-01
  0.483157894737E-01     1.29580125602    
  0.956315789474E-01     2.49329758484    
  0.142947368421         3.63447588070    
  0.190263157895         4.70045829686    
  0.237578947368         5.68523438369    
  0.284894736842         6.57245039811    
  0.332210526316         7.32057743506    
  0.379526315789         7.94325399606    
  0.426842105263         8.38565554825    
  0.474157894737         8.66473859136    
  0.521473684211         8.74354249968    
  0.568789473684         8.61425816903    
  0.616105263158         8.28787457064    
  0.663421052632         7.73266391064    
  0.710736842105         6.96734999645    
  0.758052631579         6.02620381039    
  0.805368421053         4.90042447112    
  0.852684210526         3.65847094261    
  0.900000000000         2.31565686362    
  0.900000000000         2.31565686362    
  0.902538461538         2.24204767988    
  0.905076923077         2.17065687562    
  0.907615384615         2.09796369810    
  0.910153846154         2.02650311904    
  0.912692307692         1.95213647395    
  0.915230769231         1.88047211216    
  0.917769230769         1.80766731927    
  0.920307692308         1.73287884004    
  0.922846153846         1.65805378675    
  0.925384615385         1.58639382547    
  0.927923076923         1.51161259702    
  0.930461538462         1.43936674111    
  0.933000000000         1.36484443190    
  0.935538461538         1.29419214181    
  0.938076923077         1.21925406367    
  0.940615384615         1.14803551329    
  0.943153846154         1.07565281548    
  0.945692307692         1.00435181613    
  0.948230769231        0.932886601547    
  0.950769230769        0.861293996544    
  0.953307692308        0.791301395793    
  0.955846153846        0.721599697485    
  0.958384615385        0.651931225394    
  0.960923076923        0.582702156745    
  0.963461538462        0.515757795880    
  0.966000000000        0.449077624681    
  0.968538461538        0.383259994179    
  0.971076923077        0.318755107829    
  0.973615384615        0.256484740819    
  0.976153846154        0.195697442945    
  0.978692307692        0.137140709646    
  0.981230769231        0.823698670679E-01
  0.983769230769        0.311853464881E-01
  0.986307692308       -0.126609139606E-01
  0.988846153846       -0.472109744682E-01
  0.991384615385       -0.635397819757E-01
  0.993923076923       -0.441715237251E-01
  0.996461538462        0.711632240622E-01
  0.999000000000        0.598870337654    
