  0.100000000000E-02    0.173558446130E-01
  0.483157894737E-01    0.836588588065    
  0.956315789474E-01     1.64766992885    
  0.142947368421         2.43088598968    
  0.190263157895         3.19555309206    
  0.237578947368         3.91177216004    
  0.284894736842         4.57775430836    
  0.332210526316         5.15664229371    
  0.379526315789         5.65191515660    
  0.426842105263         6.05290242950    
  0.474157894737         6.32026734342    
  0.521473684211         6.45341903184    
  0.568789473684         6.44676563870    
  0.616105263158         6.26125936031    
  0.663421052632         5.94301010645    
  0.710736842105         5.43667413424    
  0.758052631579         4.77782302850    
  0.805368421053         3.97493606481    
  0.852684210526         3.02515642415    
  0.900000000000         1.96481724050    
  0.900000000000         1.96481724050    
  0.902538461538         1.90477669938    
  0.905076923077         1.84450877303    
  0.907615384615         1.78333670253    
  0.910153846154         1.72393176716    
  0.912692307692         1.66322757324    
  0.915230769231         1.60090922963    
  0.917769230769         1.54125277735    
  0.920307692308         1.47888827355    
  0.922846153846         1.41751128363    
  0.925384615385         1.35476039154    
  0.927923076923         1.29338218831    
  0.930461538462         1.23186145077    
  0.933000000000         1.16986013931    
  0.935538461538         1.10986748929    
  0.938076923077         1.04932760613    
  0.940615384615        0.986799654516    
  0.943153846154        0.925233368376    
  0.945692307692        0.862770254593    
  0.948230769231        0.801804990823    
  0.950769230769        0.740360674307    
  0.953307692308        0.680117572714    
  0.955846153846        0.618713058441    
  0.958384615385        0.558571521910    
  0.960923076923        0.498396122028    
  0.963461538462        0.438872251288    
  0.966000000000        0.380033730478    
  0.968538461538        0.321319335222    
  0.971076923077        0.264210923176    
  0.973615384615        0.208299911633    
  0.976153846154        0.154153991726    
  0.978692307692        0.102260688145    
  0.981230769231        0.523331263949E-01
  0.983769230769        0.737575534030E-02
  0.986307692308       -0.324110690487E-01
  0.988846153846       -0.619924994712E-01
  0.991384615385       -0.747287074804E-01
  0.993923076923       -0.517790243174E-01
  0.996461538462        0.667027662241E-01
  0.999000000000        0.597640107630    
