  0.100000000000E-02    0.166945625306E-01
  0.354137931034E-01    0.590690123040    
  0.698275862069E-01     1.16155689057    
  0.104241379310         1.72588164891    
  0.138655172414         2.27984482783    
  0.173068965517         2.81922214584    
  0.207482758621         3.33939860080    
  0.241896551724         3.83539726635    
  0.276310344828         4.30192517947    
  0.310724137931         4.73343820007    
  0.345137931034         5.12422604719    
  0.379551724138         5.46851774538    
  0.413965517241         5.76060645514    
  0.448379310345         5.99499115948    
  0.482793103448         6.16653102658    
  0.517206896552         6.27060660762    
  0.551620689655         6.30328053971    
  0.586034482759         6.26144931114    
  0.620448275862         6.14297711006    
  0.654862068966         5.94680297729    
  0.689275862069         5.67301350794    
  0.723689655172         5.32287517797    
  0.758103448276         4.89882288342    
  0.792517241379         4.40440423535    
  0.826931034483         3.84418224174    
  0.861344827586         3.22360188737    
  0.895758620690         2.54882847676    
  0.930172413793         1.82656719265    
  0.964586206897         1.06387401156    
  0.999000000000        0.267967902247    
