  0.100000000000E-02    0.749383208450E-01
  0.535263157895E-01     5.45307588636    
  0.106052631579         11.4328347035    
  0.158578947368         17.5926960603    
  0.211105263158         24.0845410035    
  0.263631578947         31.0276072219    
  0.316157894737         38.0034694419    
  0.368684210526         45.3917486837    
  0.421210526316         52.3720187699    
  0.473736842105         59.7633106610    
  0.526263157895         66.7097296617    
  0.578789473684         73.1790694667    
  0.631315789474         79.0200805762    
  0.683842105263         84.5137331361    
  0.736368421053         89.2110756037    
  0.788894736842         93.1217203279    
  0.841421052632         95.9970799330    
  0.893947368421         98.2401417896    
  0.946473684211         99.5220242796    
  0.999000000000         99.9906959886    
