  0.100000000000E-02    0.829854633295E-01
  0.535263157895E-01     4.58289335538    
  0.106052631579         9.36264554509    
  0.158578947368         14.3936521386    
  0.211105263158         19.6806823163    
  0.263631578947         25.1938233899    
  0.316157894737         30.8711863838    
  0.368684210526         36.7162750320    
  0.421210526316         42.6165580699    
  0.473736842105         48.5760922310    
  0.526263157895         54.4918469122    
  0.578789473684         60.2797422370    
  0.631315789474         65.8244840653    
  0.683842105263         71.1267165987    
  0.736368421053         76.0398016577    
  0.788894736842         80.4944103379    
  0.841421052632         84.3923220517    
  0.893947368421         87.5953213245    
  0.946473684211         89.9318728936    
  0.999000000000         90.6478336878    
