  0.100000000000E-02   -0.815827681277E-01  
  0.354137931034E-01    -2.82785357255      
  0.698275862069E-01    -5.47228263412      
  0.104241379310        -8.01893153265      
  0.138655172414        -10.4829679859      
  0.173068965517        -12.8493215164      
  0.207482758621        -15.1402350343      
  0.241896551724        -17.3235731831      
  0.276310344828        -19.4347205403      
  0.310724137931        -21.4310405759      
  0.345137931034        -23.3765444717      
  0.379551724138        -25.2225974982      
  0.413965517241        -26.9950569172      
  0.448379310345        -28.6838233427      
  0.482793103448        -30.2661286735      
  0.517206896552        -31.7817524830      
  0.551620689655        -33.1779005499      
  0.586034482759        -34.4778412189      
  0.620448275862        -35.6809714516      
  0.654862068966        -36.7554152395      
  0.689275862069        -37.6815062066      
  0.723689655172        -38.4173023949      
  0.758103448276        -38.9206585016      
  0.792517241379        -39.1291303889      
  0.826931034483        -38.8379284669      
  0.861344827586        -37.8307712356      
  0.895758620690        -35.4445581054      
  0.930172413793        -30.0456408675      
  0.964586206897        -14.9372722209      
  0.999000000000         85.6893285454      
