   0.00000000000         0.00000000000    
  0.210526315789E-02     145038001.774    
  0.421052631579E-02     217517838.611    
  0.631578947368E-02     222153817.363    
  0.842105263158E-02     194297492.624    
  0.105263157895E-01     161268395.774    
  0.126315789474E-01     129227017.581    
  0.147368421053E-01     102936940.332    
  0.168421052632E-01     82053318.3148    
  0.189473684211E-01     65596313.0085    
  0.210526315789E-01     52923475.0196    
  0.231578947368E-01     43167347.1332    
  0.252631578947E-01     35312608.5127    
  0.273684210526E-01     29270854.5827    
  0.294736842105E-01     24387305.1755    
  0.315789473684E-01     20523305.2336    
  0.336842105263E-01     17389391.1495    
  0.357894736842E-01     14843156.0450    
  0.378947368421E-01     12737557.1165    
  0.400000000000E-01     11025501.5524    
