   0.00000000000         0.00000000000    
  0.816326530612E-03     419127653.445    
  0.163265306122E-02     784320619.348    
  0.244897959184E-02     1050530869.14    
  0.326530612245E-02     1217289441.28    
  0.408163265306E-02     1282614427.80    
  0.489795918367E-02     1282379687.83    
  0.571428571429E-02     1248799880.74    
  0.653061224490E-02     1171610832.42    
  0.734693877551E-02     1079600474.12    
  0.816326530612E-02     1012730138.54    
  0.897959183673E-02     911510699.878    
  0.979591836735E-02     851249480.503    
  0.106122448980E-01     772862375.715    
  0.114285714286E-01     731033586.449    
  0.122448979592E-01     674554738.803    
  0.130612244898E-01     618626655.561    
  0.138775510204E-01     577096549.538    
  0.146938775510E-01     533886770.207    
  0.155102040816E-01     495038932.422    
  0.163265306122E-01     464978875.321    
  0.171428571429E-01     430858774.983    
  0.179591836735E-01     392846328.323    
  0.187755102041E-01     371893867.902    
  0.195918367347E-01     346062105.276    
  0.204081632653E-01     326665239.559    
  0.212244897959E-01     298768194.768    
  0.220408163265E-01     278706471.456    
  0.228571428571E-01     261934002.868    
  0.236734693878E-01     241401400.679    
  0.244897959184E-01     227200146.107    
  0.253061224490E-01     212262446.759    
  0.261224489796E-01     196898017.427    
  0.269387755102E-01     186275649.921    
  0.277551020408E-01     173268830.533    
  0.285714285714E-01     161618403.241    
  0.293877551020E-01     153155615.703    
  0.302040816327E-01     143516222.756    
  0.310204081633E-01     134668909.248    
  0.318367346939E-01     126997104.623    
  0.326530612245E-01     118992179.914    
  0.334693877551E-01     111513393.606    
  0.342857142857E-01     105611958.585    
  0.351020408163E-01     100106004.657    
  0.359183673469E-01     94028673.3537    
  0.367346938776E-01     88710286.7184    
  0.375510204082E-01     84315324.0681    
  0.383673469388E-01     79765434.6921    
  0.391836734694E-01     75402482.5922    
  0.400000000000E-01     71663352.5307    
