   0.00000000000         0.00000000000    
  0.137931034483E-02     222356016.808    
  0.275862068966E-02     379643265.864    
  0.413793103448E-02     444806166.193    
  0.551724137931E-02     449099778.393    
  0.689655172414E-02     414155563.631    
  0.827586206897E-02     365091553.392    
  0.965517241379E-02     323233333.779    
  0.110344827586E-01     276951141.926    
  0.124137931034E-01     243730464.469    
  0.137931034483E-01     213507047.336    
  0.151724137931E-01     186065535.223    
  0.165517241379E-01     163350608.790    
  0.179310344828E-01     142315342.314    
  0.193103448276E-01     125118675.235    
  0.206896551724E-01     110097974.134    
  0.220689655172E-01     97157784.6507    
  0.234482758621E-01     85312924.2039    
  0.248275862069E-01     75374635.2813    
  0.262068965517E-01     67199910.4070    
  0.275862068966E-01     59575526.9456    
  0.289655172414E-01     53453447.4245    
  0.303448275862E-01     47651009.1369    
  0.317241379310E-01     43065613.3069    
  0.331034482759E-01     38654123.6721    
  0.344827586207E-01     35049202.7808    
  0.358620689655E-01     31696145.7948    
  0.372413793103E-01     28697242.6315    
  0.386206896552E-01     26150943.0413    
  0.400000000000E-01     23821626.9198    
