  0.100000000000E-02    -83.8904344120    
  0.110808080808E-01    -79.3596994943    
  0.211616161616E-01    -77.9417465181    
  0.312424242424E-01    -76.8510257072    
  0.413232323232E-01    -76.2400684713    
  0.514040404040E-01    -75.4243557556    
  0.614848484848E-01    -74.7308416786    
  0.715656565657E-01    -74.3255368831    
  0.816464646465E-01    -73.3167425011    
  0.917272727273E-01    -73.1785974878    
  0.101808080808        -72.4146339656    
  0.111888888889        -71.7577483347    
  0.121969696970        -71.3572502625    
  0.132050505051        -70.9460690887    
  0.142131313131        -70.1256581584    
  0.152212121212        -69.7063939819    
  0.162292929293        -69.1470608276    
  0.172373737374        -68.5159987955    
  0.182454545455        -67.8645482963    
  0.192535353535        -67.3073161345    
  0.202616161616        -66.8364143000    
  0.212696969697        -66.2158694368    
  0.222777777778        -65.7292991047    
  0.232858585859        -65.0313645236    
  0.242939393939        -64.3012688896    
  0.253020202020        -63.7590675515    
  0.263101010101        -63.0032514874    
  0.273181818182        -62.3365063385    
  0.283262626263        -61.8087601676    
  0.293343434343        -60.8169941248    
  0.303424242424        -60.2740439469    
  0.313505050505        -59.4725197355    
  0.323585858586        -58.7529344354    
  0.333666666667        -57.8433803616    
  0.343747474747        -57.0980937210    
  0.353828282828        -56.4033384354    
  0.363909090909        -55.4205069455    
  0.373989898990        -54.6665740745    
  0.384070707071        -53.9283045767    
  0.394151515152        -52.9557519726    
  0.404232323232        -52.0787167796    
  0.414313131313        -51.2538250725    
  0.424393939394        -50.2611513193    
  0.434474747475        -49.4212520656    
  0.444555555556        -48.4606800334    
  0.454636363636        -47.5774618965    
  0.464717171717        -46.7121560826    
  0.474797979798        -45.7138005174    
  0.484878787879        -44.7253854902    
  0.494959595960        -43.7236567940    
  0.505040404040        -42.7801335039    
  0.515121212121        -41.8405112893    
  0.525202020202        -40.7649661073    
  0.535282828283        -39.7697885394    
  0.545363636364        -38.7161255737    
  0.555444444444        -37.8135329437    
  0.565525252525        -36.7010510776    
  0.575606060606        -35.7292628606    
  0.585686868687        -34.7059788876    
  0.595767676768        -33.7338200896    
  0.605848484848        -32.6438981658    
  0.615929292929        -31.6087396629    
  0.626010101010        -30.5742724061    
  0.636090909091        -29.5452201738    
  0.646171717172        -28.5314317463    
  0.656252525253        -27.5168620306    
  0.666333333333        -26.5145545305    
  0.676414141414        -25.4867182453    
  0.686494949495        -24.4921224441    
  0.696575757576        -23.4613462650    
  0.706656565657        -22.4780094732    
  0.716737373737        -21.4900741086    
  0.726818181818        -20.4853921144    
  0.736898989899        -19.5094825718    
  0.746979797980        -18.5446918392    
  0.757060606061        -17.5746558015    
  0.767141414141        -16.6171088426    
  0.777222222222        -15.6875514729    
  0.787303030303        -14.7552078084    
  0.797383838384        -13.8423945332    
  0.807464646465        -12.9440282684    
  0.817545454545        -12.0520724223    
  0.827626262626        -11.1679269887    
  0.837707070707        -10.2977543752    
  0.847787878788        -9.45129840492    
  0.857868686869        -8.61969355582    
  0.867949494949        -7.80173385261    
  0.878030303030        -6.99990891934    
  0.888111111111        -6.21603644937    
  0.898191919192        -5.45074912540    
  0.908272727273        -4.70385427670    
  0.918353535354        -3.97764486531    
  0.928434343434        -3.27364453427    
  0.938515151515        -2.59164044656    
  0.948595959596        -1.93283517885    
  0.958676767677        -1.30003792048    
  0.968757575758       -0.695076446196    
  0.978838383838       -0.114988612809    
  0.988919191919        0.457660335386    
  0.999000000000         1.04499453234    
