  0.100000000000E-02    -49.7364150148    
  0.535263157895E-01    -49.5169750359    
  0.106052631579        -49.1354404346    
  0.158578947368        -48.4531818779    
  0.211105263158        -47.3408843008    
  0.263631578947        -45.8876480891    
  0.316157894737        -43.9870463644    
  0.368684210526        -41.8760925045    
  0.421210526316        -39.0673814812    
  0.473736842105        -36.0008860377    
  0.526263157895        -32.3553443280    
  0.578789473684        -28.7123112403    
  0.631315789474        -24.9390876768    
  0.683842105263        -20.8684871330    
  0.736368421053        -16.8041474666    
  0.788894736842        -12.8674560198    
  0.841421052632        -9.03233117576    
  0.893947368421        -5.31364405828    
  0.946473684211        -1.92627807742    
  0.999000000000         1.04606793826    
