  0.100000000000E-02    0.474132026411E-01  
  0.535263157895E-01     2.58342393302      
  0.106052631579         5.19338922455      
  0.158578947368         7.87024720370      
  0.211105263158         10.6330651634      
  0.263631578947         13.4582319634      
  0.316157894737         16.3091218666      
  0.368684210526         19.2444405175      
  0.421210526316         22.1623273381      
  0.473736842105         25.1338618267      
  0.526263157895         28.0266916169      
  0.578789473684         30.8994858129      
  0.631315789474         33.7602993140      
  0.683842105263         36.4653045735      
  0.736368421053         39.0400371127      
  0.788894736842         41.3553760626      
  0.841421052632         43.3938421090      
  0.893947368421         45.1166233040      
  0.946473684211         46.3989905152      
  0.999000000000         47.0491627531      
