   0.00000000000        -7.42633998768      
  0.128228271575        -7.36432913053      
  0.256456543150        -7.18561623773      
  0.384684814725        -6.89622414729      
  0.512913086300        -6.47674002607      
  0.641141357875        -5.94904020373      
  0.769369629451        -5.32536846183      
  0.897597901026        -4.63124217937      
   1.02582617260        -3.83406689702      
   1.15405444418        -3.00934936592      
   1.28228271575        -2.10555898732      
   1.41051098733        -1.18684408106      
   1.53873925890       -0.236883912818      
   1.66696753048        0.713602866873      
   1.79519580205         1.65174455219      
   1.92342407363         2.55096646274      
   2.05165234520         3.42825408939      
   2.17988061678         4.24723050167      
   2.30810888835         4.99234845540      
   2.43633715993         5.65075608529      
   2.56456543150         6.22144010574      
   2.69279370308         6.68976552084      
   2.82102197465         7.02928320266      
   2.94925024623         7.27478751073      
   3.07747851780         7.41546926504      
   3.20570678938         7.40450112985      
   3.33393506095         7.28126165889      
   3.46216333253         7.04375187448      
   3.59039160410         6.69292160928      
   3.71861987568         6.21597081734      
   3.84684814725         5.64281782831      
   3.97507641883         5.00429386734      
   4.10330469040         4.23415279321      
   4.23153296198         3.42357245591      
   4.35976123355         2.56894437261      
   4.48798950513         1.65513449634      
   4.61621777670        0.718471267525      
   4.74444604828       -0.224896854012      
   4.87267431985        -1.18689836020      
   5.00090259143        -2.11916501109      
   5.12913086300        -3.01106327836      
   5.25735913458        -3.84397856054      
   5.38558740615        -4.62956683264      
   5.51381567773        -5.34854001712      
   5.64204394930        -5.94352175299      
   5.77027222088        -6.47603483969      
   5.89850049245        -6.89490268868      
   6.02672876403        -7.20220213028      
   6.15495703560        -7.37032458002      
   6.28318530718        -7.42633998758      
