   0.00000000000        -8.99521406713      
  0.128228271575        -8.91886572225      
  0.256456543150        -8.70344766648      
  0.384684814725        -8.34440275105      
  0.512913086300        -7.82663007568      
  0.641141357875        -7.20121373175      
  0.769369629451        -6.44705996925      
  0.897597901026        -5.59540951355      
   1.02582617260        -4.65576388053      
   1.15405444418        -3.63136067706      
   1.28228271575        -2.56191211964      
   1.41051098733        -1.43494128694      
   1.53873925890       -0.292075372198      
   1.66696753048        0.842158814866      
   1.79519580205         1.99524766303      
   1.92342407363         3.10354448273      
   2.05165234520         4.15178119374      
   2.17988061678         5.13765403927      
   2.30810888835         6.05451088411      
   2.43633715993         6.83358659757      
   2.56456543150         7.53275751946      
   2.69279370308         8.11355625851      
   2.82102197465         8.53768804672      
   2.94925024623         8.83236259580      
   3.07747851780         8.96075251079      
   3.20570678938         8.96665837402      
   3.33393506095         8.79849146615      
   3.46216333253         8.53036454955      
   3.59039160410         8.07779585361      
   3.71861987568         7.52155293531      
   3.84684814725         6.84148123524      
   3.97507641883         6.04067658718      
   4.10330469040         5.13189893384      
   4.23153296198         4.14942587222      
   4.35976123355         3.10649670646      
   4.48798950513         1.98458359771      
   4.61621777670        0.846878051068      
   4.74444604828       -0.304166380737      
   4.87267431985        -1.44561828806      
   5.00090259143        -2.56799823875      
   5.12913086300        -3.64217020876      
   5.25735913458        -4.66283839246      
   5.38558740615        -5.60441218149      
   5.51381567773        -6.45819828717      
   5.64204394930        -7.19980862568      
   5.77027222088        -7.82407416451      
   5.89850049245        -8.31729802102      
   6.02672876403        -8.70337898903      
   6.15495703560        -8.92411903810      
   6.28318530718        -8.99521406305      
