  0.100000000000E-02    -22.5542157887    
  0.535263157895E-01    -20.3975610481    
  0.106052631579        -17.2026845244    
  0.158578947368        -13.7759945899    
  0.211105263158        -10.1326734577    
  0.263631578947        -6.34938469330    
  0.316157894737        -2.46083938038    
  0.368684210526         1.57697199769    
  0.421210526316         5.82894433782    
  0.473736842105         10.2990796865    
  0.526263157895         14.9945926823    
  0.578789473684         20.0020481212    
  0.631315789474         25.3598646840    
  0.683842105263         31.1496163628    
  0.736368421053         37.4615998234    
  0.788894736842         44.4363443338    
  0.841421052632         52.2425982883    
  0.893947368421         61.2135087291    
  0.946473684211         71.7383220285    
  0.999000000000         84.5424446888    
