  0.100000000000E-02    -24.4406752342    
  0.265897435897E-01    -24.3678652244    
  0.521794871795E-01    -24.0957122691    
  0.777692307692E-01    -23.7475433404    
  0.103358974359        -23.2908311251    
  0.128948717949        -22.8190567510    
  0.154538461538        -22.2838257144    
  0.180128205128        -21.7198727589    
  0.205717948718        -21.0481358929    
  0.231307692308        -20.3078805717    
  0.256897435897        -19.5340123180    
  0.282487179487        -18.7113311281    
  0.308076923077        -17.8355481356    
  0.333666666667        -16.9164496023    
  0.359256410256        -15.9547175211    
  0.384846153846        -14.9656890087    
  0.410435897436        -13.8978762788    
  0.436025641026        -12.8183427838    
  0.461615384615        -11.6844744517    
  0.487205128205        -10.5094640131    
  0.512794871795        -9.28107032982    
  0.538384615385        -8.05238588814    
  0.563974358974        -6.76960721531    
  0.589564102564        -5.44685853220    
  0.615153846154        -4.09112646774    
  0.640743589744        -2.71882456164    
  0.666333333333        -1.29153055628    
  0.691923076923        0.171206255591    
  0.717512820513         1.64127250062    
  0.743102564103         3.17020568272    
  0.768692307692         4.76018835677    
  0.794282051282         6.40597329008    
  0.819871794872         8.14389586656    
  0.845461538462         10.0123247087    
  0.871051282051         12.0901446035    
  0.896641025641         14.4910264422    
  0.922230769231         17.4067991538    
  0.947820512821         21.2374293817    
  0.973410256410         26.8242937945    
  0.999000000000         36.3614563967    
