  0.100000000000E-02    -40.8619031136    
  0.535263157895E-01    -38.3390892929    
  0.106052631579        -37.4167411435    
  0.158578947368        -36.4700678084    
  0.211105263158        -35.3323994928    
  0.263631578947        -34.1106365454    
  0.316157894737        -32.5381767668    
  0.368684210526        -30.6819942294    
  0.421210526316        -28.6670470034    
  0.473736842105        -26.2776990102    
  0.526263157895        -23.9461301208    
  0.578789473684        -21.2961300401    
  0.631315789474        -18.5375603888    
  0.683842105263        -15.6108574957    
  0.736368421053        -12.6814749482    
  0.788894736842        -9.72285021770    
  0.841421052632        -6.90819122936    
  0.893947368421        -4.21667072466    
  0.946473684211        -1.73615611349    
  0.999000000000        0.698777932234    
