  0.100000000000E-02    -33.0798349159    
  0.213673469388E-01    -27.4865842331    
  0.417346938776E-01    -24.8895254324    
  0.621020408163E-01    -22.8027927124    
  0.824693877551E-01    -20.9846944325    
  0.102836734694        -19.2973746052    
  0.123204081633        -17.5978089203    
  0.143571428571        -16.0190228840    
  0.163938775510        -14.4868472176    
  0.184306122449        -12.9394440618    
  0.204673469388        -11.3825409886    
  0.225040816327        -9.83272431378    
  0.245408163265        -8.28649682341    
  0.265775510204        -6.72960902191    
  0.286142857143        -5.18845662046    
  0.306510204082        -3.60444471649    
  0.326877551020        -2.02223836109    
  0.347244897959       -0.397038606260    
  0.367612244898         1.23756275017    
  0.387979591837         2.90386058582    
  0.408346938776         4.59446031300    
  0.428714285714         6.30210966047    
  0.449081632653         8.05220093172    
  0.469448979592         9.84362240750    
  0.489816326531         11.6548002203    
  0.510183673469         13.5173294862    
  0.530551020408         15.3986322005    
  0.550918367347         17.3328451332    
  0.571285714286         19.3067956865    
  0.591653061224         21.3351245666    
  0.612020408163         23.4240579416    
  0.632387755102         25.5747319379    
  0.652755102041         27.7725620858    
  0.673122448980         30.0440491495    
  0.693489795918         32.3976182709    
  0.713857142857         34.8040459629    
  0.734224489796         37.3191376336    
  0.754591836735         39.9276023246    
  0.774959183673         42.6478204752    
  0.795326530612         45.4669099385    
  0.815693877551         48.4309027229    
  0.836061224490         51.4661433559    
  0.856428571429         54.7312022135    
  0.876795918367         58.1710932995    
  0.897163265306         61.7937679670    
  0.917530612245         65.6912867217    
  0.937897959184         69.9338089076    
  0.958265306122         74.5061961192    
  0.978632653061         79.2941134915    
  0.999000000000         84.5397769852    
