  0.100000000000E-02    -38.9229548007    
  0.213673469388E-01    -34.5943149017    
  0.417346938776E-01    -33.0369117698    
  0.621020408163E-01    -31.7901666089    
  0.824693877551E-01    -30.6248875842    
  0.102836734694        -29.7350289791    
  0.123204081633        -28.7754099648    
  0.143571428571        -27.9209460323    
  0.163938775510        -27.0625067764    
  0.184306122449        -26.1848573560    
  0.204673469388        -25.2497635648    
  0.225040816327        -24.3887986810    
  0.245408163265        -23.5112232592    
  0.265775510204        -22.5531846243    
  0.286142857143        -21.6778231057    
  0.306510204082        -20.7449530884    
  0.326877551020        -19.8248077641    
  0.347244897959        -18.9239169500    
  0.367612244898        -17.9313110286    
  0.387979591837        -16.9828406046    
  0.408346938776        -15.9812024635    
  0.428714285714        -14.9209637965    
  0.449081632653        -13.9090068975    
  0.469448979592        -12.8647623001    
  0.489816326531        -11.7795389270    
  0.510183673469        -10.7093842067    
  0.530551020408        -9.60848812371    
  0.550918367347        -8.50734856021    
  0.571285714286        -7.36207242490    
  0.591653061224        -6.19928683034    
  0.612020408163        -5.03288947144    
  0.632387755102        -3.85278369937    
  0.652755102041        -2.65639522772    
  0.673122448980        -1.42700006615    
  0.693489795918       -0.171915863267    
  0.713857142857         1.06325749046    
  0.734224489796         2.32314849117    
  0.754591836735         3.62170835901    
  0.774959183673         4.95327531344    
  0.795326530612         6.31755329934    
  0.815693877551         7.74042952145    
  0.836061224490         9.22724303714    
  0.856428571429         10.8332516633    
  0.876795918367         12.5802793752    
  0.897163265306         14.5497290667    
  0.917530612245         16.8436074666    
  0.937897959184         19.6327995475    
  0.958265306122         23.2344008384    
  0.978632653061         28.2956410415    
  0.999000000000         36.3557786947    
