   0.00000000000         5.18079944614      
  0.128228271575         5.14064777233      
  0.256456543150         5.01176676066      
  0.384684814725         4.79660342592      
  0.512913086300         4.51245420088      
  0.641141357875         4.14766480718      
  0.769369629451         3.72510510656      
  0.897597901026         3.22792337697      
   1.02582617260         2.67764158782      
   1.15405444418         2.10253708161      
   1.28228271575         1.47993424997      
   1.41051098733        0.830237998323      
   1.53873925890        0.167647513748      
   1.66696753048       -0.501057993082      
   1.79519580205        -1.16382978618      
   1.92342407363        -1.78485566339      
   2.05165234520        -2.40223967056      
   2.17988061678        -2.96016129863      
   2.30810888835        -3.47977217784      
   2.43633715993        -3.94945724494      
   2.56456543150        -4.34527699979      
   2.69279370308        -4.66131505037      
   2.82102197465        -4.90091401572      
   2.94925024623        -5.07866645473      
   3.07747851780        -5.15989257802      
   3.20570678938        -5.17418445654      
   3.33393506095        -5.08963129588      
   3.46216333253        -4.91917305349      
   3.59039160410        -4.67084344009      
   3.71861987568        -4.35798661507      
   3.84684814725        -3.95151131725      
   3.97507641883        -3.49346244349      
   4.10330469040        -2.96982414533      
   4.23153296198        -2.39894530401      
   4.35976123355        -1.78118020294      
   4.48798950513        -1.15158983259      
   4.61621777670       -0.491662646779      
   4.74444604828        0.166326698660      
   4.87267431985        0.816606884727      
   5.00090259143         1.47737590453      
   5.12913086300         2.09713624645      
   5.25735913458         2.68204044233      
   5.38558740615         3.22990701489      
   5.51381567773         3.71400064822      
   5.64204394930         4.14713675271      
   5.77027222088         4.50695352577      
   5.89850049245         4.79870025152      
   6.02672876403         5.00803689999      
   6.15495703560         5.14894046647      
   6.28318530718         5.18079945455      
