   0.00000000000         3.49908153599      
  0.128228271575         3.46915378503      
  0.256456543150         3.37647064338      
  0.384684814725         3.23402937876      
  0.512913086300         3.04195657847      
  0.641141357875         2.80385015989      
  0.769369629451         2.51173821384      
  0.897597901026         2.18320723609      
   1.02582617260         1.81435467115      
   1.15405444418         1.41485921294      
   1.28228271575        0.998165747627      
   1.41051098733        0.559528233851      
   1.53873925890        0.117551436746      
   1.66696753048       -0.337577260559      
   1.79519580205       -0.776233098274      
   1.92342407363        -1.20591353788      
   2.05165234520        -1.61249445630      
   2.17988061678        -1.99939342330      
   2.30810888835        -2.34931269879      
   2.43633715993        -2.66510232059      
   2.56456543150        -2.93476663482      
   2.69279370308        -3.15046408834      
   2.82102197465        -3.32258157577      
   2.94925024623        -3.43831348612      
   3.07747851780        -3.49616609020      
   3.20570678938        -3.48589550997      
   3.33393506095        -3.43812122496      
   3.46216333253        -3.32750658512      
   3.59039160410        -3.15460535646      
   3.71861987568        -2.92688034313      
   3.84684814725        -2.66435873123      
   3.97507641883        -2.35451861981      
   4.10330469040        -2.00111127069      
   4.23153296198        -1.61577575497      
   4.35976123355        -1.20764218898      
   4.48798950513       -0.773769789861      
   4.61621777670       -0.339188965980      
   4.74444604828        0.109097833369      
   4.87267431985        0.558705216161      
   5.00090259143        0.993121534338      
   5.12913086300         1.41412652083      
   5.25735913458         1.81054241679      
   5.38558740615         2.18315143602      
   5.51381567773         2.51354413428      
   5.64204394930         2.80492283816      
   5.77027222088         3.04860650271      
   5.89850049245         3.23851763600      
   6.02672876403         3.38584750795      
   6.15495703560         3.45991363414      
   6.28318530718         3.49908153583      
