  0.900000000000         96.8735921451      
  0.907135714286         97.2126775004      
  0.914271428571         97.5302173668      
  0.921407142857         97.8296154617      
  0.928542857143         98.1073584687      
  0.935678571429         98.3674119183      
  0.942814285714         98.6057917070      
  0.949950000000         98.8225285057      
  0.957085714286         99.0236238903      
  0.964221428571         99.2061971313      
  0.971357142857         99.3691979029      
  0.978492857143         99.5127151048      
  0.985628571429         99.6363773657      
  0.992764285714         99.7455220774      
  0.999900000000         99.8353299963      
