   0.00000000000         0.00000000000    
  0.338983050847E-03     392070366.633    
  0.677966101695E-03     745715667.548    
  0.101694915254E-02     1034900676.84    
  0.135593220339E-02     1250417830.18    
  0.169491525424E-02     1379023702.26    
  0.203389830508E-02     1443267006.70    
  0.237288135593E-02     1440044704.19    
  0.271186440678E-02     1402800122.58    
  0.305084745763E-02     1332931283.06    
  0.338983050847E-02     1263601399.82    
  0.372881355932E-02     1181161069.55    
  0.406779661017E-02     1104989094.62    
  0.440677966102E-02     1033106036.28    
  0.474576271186E-02     960256385.006    
  0.508474576271E-02     890520063.488    
  0.542372881356E-02     842283984.535    
  0.576271186441E-02     790716079.987    
  0.610169491525E-02     745146066.636    
  0.644067796610E-02     693066487.597    
  0.677966101695E-02     654463383.749    
  0.711864406780E-02     619632657.147    
  0.745762711864E-02     576426765.484    
  0.779661016949E-02     544436975.249    
  0.813559322034E-02     513018803.780    
  0.847457627119E-02     482461783.415    
  0.881355932203E-02     454442194.819    
  0.915254237288E-02     426323560.754    
  0.949152542373E-02     401531953.548    
  0.983050847458E-02     378953094.974    
  0.101694915254E-01     357474566.138    
  0.105084745763E-01     336339789.468    
  0.108474576271E-01     317126762.064    
  0.111864406780E-01     298831719.160    
  0.115254237288E-01     283011709.621    
  0.118644067797E-01     267568280.545    
  0.122033898305E-01     252623559.474    
  0.125423728814E-01     237949958.141    
  0.128813559322E-01     226363628.003    
  0.132203389831E-01     212915909.743    
  0.135593220339E-01     202101072.712    
  0.138983050847E-01     191454928.695    
  0.142372881356E-01     181967268.182    
  0.145762711864E-01     172224540.251    
  0.149152542373E-01     163213535.176    
  0.152542372881E-01     154670217.118    
  0.155932203390E-01     147097226.345    
  0.159322033898E-01     140257682.505    
  0.162711864407E-01     133270819.654    
  0.166101694915E-01     126434073.400    
  0.169491525424E-01     120740411.541    
  0.172881355932E-01     115127780.872    
  0.176271186441E-01     109633556.595    
  0.179661016949E-01     104406710.353    
  0.183050847458E-01     99772442.7121    
  0.186440677966E-01     95542493.1110    
  0.189830508475E-01     90854316.9357    
  0.193220338983E-01     86942140.7407    
  0.196610169492E-01     83195735.9009    
  0.200000000000E-01     79618952.1152    
