   0.00000000000         0.00000000000    
  0.689655172414E-03     254956044.882    
  0.137931034483E-02     434577601.514    
  0.206896551724E-02     508357498.821    
  0.275862068966E-02     505708457.848    
  0.344827586207E-02     463268485.377    
  0.413793103448E-02     405950665.167    
  0.482758620690E-02     355398463.302    
  0.551724137931E-02     309424719.040    
  0.620689655172E-02     274516421.793    
  0.689655172414E-02     240938610.165    
  0.758620689655E-02     209591893.002    
  0.827586206897E-02     186683174.967    
  0.896551724138E-02     161504726.527    
  0.965517241379E-02     142108158.951    
  0.103448275862E-01     124644516.801    
  0.110344827586E-01     108324337.660    
  0.117241379310E-01     96908454.8027    
  0.124137931034E-01     85388904.3558    
  0.131034482759E-01     75559592.2272    
  0.137931034483E-01     68304490.2486    
  0.144827586207E-01     60424032.4065    
  0.151724137931E-01     54039329.2658    
  0.158620689655E-01     49252587.2084    
  0.165517241379E-01     44003070.6907    
  0.172413793103E-01     40043916.4774    
  0.179310344828E-01     36227309.0393    
  0.186206896552E-01     32833614.2528    
  0.193103448276E-01     29748177.7005    
  0.200000000000E-01     27203233.6677    
