   0.00000000000         0.00000000000    
  0.105263157895E-02     171436504.018    
  0.210526315789E-02     255721852.441    
  0.315789473684E-02     259804071.385    
  0.421052631579E-02     227017835.229    
  0.526315789474E-02     187493441.121    
  0.631578947368E-02     149621873.361    
  0.736842105263E-02     119636623.260    
  0.842105263158E-02     94984546.0692    
  0.947368421053E-02     77315643.1461    
  0.105263157895E-01     62257113.3722    
  0.115789473684E-01     50612873.9849    
  0.126315789474E-01     41771902.2083    
  0.136842105263E-01     34490255.1818    
  0.147368421053E-01     28738118.4791    
  0.157894736842E-01     24320625.9836    
  0.168421052632E-01     20573166.8488    
  0.178947368421E-01     17640535.5085    
  0.189473684211E-01     15114814.7219    
  0.200000000000E-01     13096265.1724    
